J93-1002	A92-1018	0.00196078431372549 0.00196078431372549 0.0 0.0 0.00196078431372549 0.0	1
P93-1003	A92-1018	0.007575757575757576 0.007575757575757576 0.0 0.0 0.0 0.007575757575757576	1
A94-1008	A92-1018	0.016042780748663103 0.016042780748663103 0.0 0.0 0.0053475935828877 0.0	0
A94-1009	A92-1018	0.026455026455026454 0.042328042328042326 0.0 0.0 0.0 0.005291005291005291	0
A94-1027	A92-1018	0.005263157894736842 0.005263157894736842 0.0 0.0 0.0 0.0	1
C94-1027	A92-1018	0.03571428571428571 0.03571428571428571 0.00510204081632653 0.0 0.015306122448979591 0.0	0
J94-2001	A92-1018	0.005555555555555556 0.005555555555555556 0.0 0.0 0.005555555555555556 0.0	1
W94-0111	A92-1018	0.005291005291005291 0.005291005291005291 0.0 0.0 0.005291005291005291 0.0	1
E95-1014	A92-1018	0.014184397163120567 0.014184397163120567 0.0 0.0 0.0 0.0	1
E95-1020	A92-1018	0.010471204188481676 0.010471204188481676 0.0 0.0 0.005235602094240838 0.0	1
E95-1021	A92-1018	0.008771929824561403 0.008771929824561403 0.0 0.0 0.0 0.0	0
E95-1022	A92-1018	0.011834319526627219 0.01775147928994083 0.0 0.0 0.005917159763313609 0.0	1
J95-2001	A92-1018	0.0024449877750611247 0.004889975550122249 0.0 0.0 0.0024449877750611247 0.0	1
J95-2004	A92-1018	0.004246284501061571 0.004246284501061571 0.0 0.0 0.0021231422505307855 0.0	1
J95-3004	A92-1018	0.0024390243902439024 0.0024390243902439024 0.0 0.0 0.0024390243902439024 0.0	1
J95-4004	A92-1018	0.007518796992481203 0.007518796992481203 0.0 0.0 0.007518796992481203 0.0	1
P95-1039	A92-1018	0.009174311926605505 0.009174311926605505 0.0 0.0 0.009174311926605505 0.0	1
W95-0101	A92-1018	0.016042780748663103 0.016042780748663103 0.0 0.0 0.0 0.0106951871657754	1
C96-1036	A92-1018	0.008333333333333333 0.008333333333333333 0.0 0.0 0.008333333333333333 0.0	1
C96-2114	A92-1018	0.005494505494505495 0.027472527472527472 0.0 0.0 0.0 0.0	1
C96-2136	A92-1018	0.0091324200913242 0.0091324200913242 0.0 0.0 0.0045662100456621 0.0	1
C96-2192	A92-1018	0.01020408163265306 0.01020408163265306 0.0 0.0 0.01020408163265306 0.0	1
P96-1006	A92-1018	0.005076142131979695 0.005076142131979695 0.0 0.0 0.005076142131979695 0.0	1
P96-1030	A92-1018	0.005847953216374269 0.005847953216374269 0.0 0.0 0.005847953216374269 0.0	1
W96-0101	A92-1018	0.014084507042253521 0.018779342723004695 0.0 0.0 0.014084507042253521 0.009389671361502348	1
W96-0102	A92-1018	0.0026455026455026454 0.005291005291005291 0.0 0.0 0.0026455026455026454 0.0026455026455026454	1
W96-0113	A92-1018	0.003816793893129771 0.007633587786259542 0.0 0.0 0.0 0.0	1
W96-0205	A92-1018	0.003355704697986577 0.003355704697986577 0.0 0.0 0.003355704697986577 0.0	1
W96-0206	A92-1018	0.00425531914893617 0.00425531914893617 0.0 0.0 0.0 0.00425531914893617	1
A97-1004	A92-1018	0.010526315789473684 0.010526315789473684 0.0 0.0 0.0 0.0	1
A97-1014	A92-1018	0.004132231404958678 0.008264462809917356 0.0 0.0 0.004132231404958678 0.0	1
A97-1017	A92-1018	0.011299435028248588 0.011299435028248588 0.0 0.0 0.005649717514124294 0.0	0
J97-3003	A92-1018	0.006269592476489028 0.006269592476489028 0.0 0.0 0.0 0.0	1
P97-1029	A92-1018	0.005319148936170213 0.005319148936170213 0.0 0.0 0.005319148936170213 0.005319148936170213	1
P97-1031	A92-1018	0.004694835680751174 0.004694835680751174 0.0 0.0 0.004694835680751174 0.0	1
P97-1032	A92-1018	0.006896551724137931 0.006896551724137931 0.0 0.0 0.006896551724137931 0.0	1
W97-0307	A92-1018	0.003861003861003861 0.003861003861003861 0.0 0.0 0.003861003861003861 0.0	1
W97-0811	A92-1018	0.010526315789473684 0.010526315789473684 0.0 0.0 0.0 0.010526315789473684	0
C98-1060	A92-1018	0.006329113924050633 0.006329113924050633 0.0 0.0 0.006329113924050633 0.0	1
W98-1110	A92-1018	0.012195121951219513 0.012195121951219513 0.0 0.0 0.0 0.0	0
W98-1207	A92-1018	0.004366812227074236 0.004366812227074236 0.0 0.0 0.004366812227074236 0.0	1
E99-1018	A92-1018	0.014925373134328358 0.014925373134328358 0.0 0.0 0.014925373134328358 0.0	1
W99-0608	A92-1018	0.005434782608695652 0.005434782608695652 0.0 0.0 0.005434782608695652 0.0	1
A00-1026	A92-1018	0.007142857142857143 0.007142857142857143 0.0 0.0 0.0 0.0	0
A00-1031	A92-1018	0.004807692307692308 0.004807692307692308 0.0 0.0 0.004807692307692308 0.0	1
C00-1004	A92-1018	0.004784688995215311 0.009569377990430622 0.0 0.0 0.0 0.0	1
N01-1023	A92-1018	0.004761904761904762 0.004761904761904762 0.0 0.0 0.0 0.0	0
J02-1004	A92-1018	0.006896551724137931 0.006896551724137931 0.0 0.0 0.0034482758620689655 0.0	1
W03-1314	A92-1018	0.005494505494505495 0.005494505494505495 0.0 0.0 0.0 0.0	1
W04-1211	A92-1018	0.010101010101010102 0.010101010101010102 0.0 0.0 0.010101010101010102 0.0	1
W04-2010	A92-1018	0.0041841004184100415 0.0041841004184100415 0.0 0.0 0.0 0.0	1
W04-2602	A92-1018	0.004651162790697674 0.013953488372093023 0.0 0.0 0.0 0.0	0
W04-2611	A92-1018	0.006134969325153374 0.006134969325153374 0.0 0.0 0.006134969325153374 0.0	1
W04-3112	A92-1018	0.00641025641025641 0.00641025641025641 0.0 0.0 0.00641025641025641 0.0	0
H05-1052	A92-1018	0.006211180124223602 0.006211180124223602 0.0 0.0 0.0 0.0	1
W05-0708	A92-1018	0.004901960784313725 0.004901960784313725 0.0 0.0 0.004901960784313725 0.0	1
E06-1034	A92-1018	0.005050505050505051 0.005050505050505051 0.0 0.0 0.0 0.0	1
N06-1042	A92-1018	0.003937007874015748 0.007874015748031496 0.0 0.0 0.0 0.0	1
P06-2100	A92-1018	0.005555555555555556 0.005555555555555556 0.0 0.0 0.005555555555555556 0.0	1
P07-2056	A92-1018	0.02830188679245283 0.02830188679245283 0.0 0.0 0.009433962264150943 0.0	0
C08-1026	A92-1018	0.005 0.005 0.0 0.0 0.005 0.0	1
I08-3015	A92-1018	0.011560693641618497 0.011560693641618497 0.0 0.0 0.005780346820809248 0.0	1
C08-1009	C98-2122	0.023255813953488372 0.03255813953488372 0.0 0.0 0.0 0.0	0
C08-1029	C98-2122	0.01507537688442211 0.05527638190954774 0.0 0.0 0.005025125628140704 0.0	0
C08-1051	C98-2122	0.020833333333333332 0.0625 0.0 0.0 0.020833333333333332 0.0	1
C08-1054	C98-2122	0.004608294930875576 0.013824884792626729 0.0 0.0 0.0 0.0	1
C08-1058	C98-2122	0.006289308176100629 0.018867924528301886 0.0 0.0 0.006289308176100629 0.0	1
C08-1086	C98-2122	0.011049723756906077 0.04419889502762431 0.0 0.0 0.0055248618784530384 0.0	1
C08-1100	C98-2122	0.011049723756906077 0.016574585635359115 0.0 0.0 0.011049723756906077 0.0	1
C08-1107	C98-2122	0.009900990099009901 0.06435643564356436 0.0 0.0 0.0 0.0	0
C08-1117	C98-2122	0.014084507042253521 0.056338028169014086 0.0 0.0 0.004694835680751174 0.004694835680751174	1
D08-1007	C98-2122	0.019762845849802372 0.03557312252964427 0.0 0.0 0.003952569169960474 0.003952569169960474	1
D08-1048	C98-2122	0.00851063829787234 0.01276595744680851 0.0 0.0 0.00851063829787234 0.0	1
D08-1084	C98-2122	0.004424778761061947 0.008849557522123894 0.0 0.0 0.0 0.0	1
D08-1103	C98-2122	0.011811023622047244 0.031496062992125984 0.0 0.0 0.0 0.0	0
I08-1021	C98-2122	0.00558659217877095 0.00558659217877095 0.0 0.0 0.0 0.00558659217877095	1
I08-1060	C98-2122	0.006172839506172839 0.018518518518518517 0.0 0.0 0.006172839506172839 0.0	1
I08-1072	C98-2122	0.017391304347826087 0.017391304347826087 0.0 0.0 0.017391304347826087 0.0	1
I08-1073	C98-2122	0.0379746835443038 0.0379746835443038 0.0 0.0 0.0 0.006329113924050633	0
I08-2102	C98-2122	0.006369426751592357 0.006369426751592357 0.0 0.0 0.0 0.0	0
W08-1901	C98-2122	0.007518796992481203 0.015037593984962405 0.0 0.0 0.0 0.0	1
W08-1902	C98-2122	0.004366812227074236 0.004366812227074236 0.0 0.0 0.004366812227074236 0.0	1
W08-2005	C98-2122	0.010471204188481676 0.010471204188481676 0.0 0.005235602094240838 0.005235602094240838 0.0	0
W08-2211	C98-2122	0.016483516483516484 0.016483516483516484 0.0 0.0 0.0 0.0	1
D09-1028	C98-2122	0.00398406374501992 0.00796812749003984 0.0 0.0 0.0 0.00398406374501992	1
D09-1084	C98-2122	0.014652014652014652 0.014652014652014652 0.0 0.0 0.003663003663003663 0.0	1
D09-1089	C98-2122	0.003968253968253968 0.011904761904761904 0.0 0.0 0.0 0.0	1
E09-1077	C98-2122	0.01 0.015 0.0 0.0 0.0 0.005	1
N09-2059	C98-2122	0.013888888888888888 0.027777777777777776 0.0 0.0 0.013888888888888888 0.0	1
P09-1031	C98-2122	0.008 0.016 0.0 0.0 0.008 0.0	1
P09-1051	C98-2122	0.00881057268722467 0.048458149779735685 0.0 0.0 0.0 0.0	1
P09-1052	C98-2122	0.004132231404958678 0.02066115702479339 0.0 0.0 0.004132231404958678 0.0	1
P09-2062	C98-2122	0.012658227848101266 0.012658227848101266 0.0 0.0 0.0 0.0	1
W09-0201	C98-2122	0.006097560975609756 0.012195121951219513 0.0 0.0 0.006097560975609756 0.0	1
W09-0203	C98-2122	0.01764705882352941 0.023529411764705882 0.0 0.0 0.0058823529411764705 0.0	0
W09-0805	C98-2122	0.0037593984962406013 0.015037593984962405 0.0 0.0 0.0037593984962406013 0.0	1
W09-1108	C98-2122	0.00390625 0.01171875 0.0 0.0 0.0 0.0	1
W09-1316	C98-2122	0.006535947712418301 0.032679738562091505 0.0 0.0 0.006535947712418301 0.0	1
C08-1008	D07-1031	0.023255813953488372 0.023255813953488372 0.0 0.0 0.005813953488372093 0.005813953488372093	0
C08-1042	D07-1031	0.04433497536945813 0.04433497536945813 0.0 0.0 0.014778325123152709 0.009852216748768473	0
D08-1036	D07-1031	0.0945945945945946 0.10810810810810811 0.006756756756756757 0.0 0.006756756756756757 0.0	0
D08-1109	D07-1031	0.004291845493562232 0.008583690987124463 0.0 0.0 0.004291845493562232 0.004291845493562232	1
P08-1012	D07-1031	0.02030456852791878 0.025380710659898477 0.0 0.0 0.0 0.0	1
P08-1100	D07-1031	0.004694835680751174 0.004694835680751174 0.0 0.0 0.004694835680751174 0.004694835680751174	0
D09-1071	D07-1031	0.026905829596412557 0.04484304932735426 0.0 0.0 0.008968609865470852 0.004484304932735426	0
D09-1075	D07-1031	0.010050251256281407 0.010050251256281407 0.0 0.0 0.0 0.0	1
E09-1042	D07-1031	0.016574585635359115 0.016574585635359115 0.0 0.0 0.0 0.0055248618784530384	1
N09-1009	D07-1031	0.017241379310344827 0.017241379310344827 0.0 0.0 0.01293103448275862 0.0	1
N09-1069	D07-1031	0.005076142131979695 0.01015228426395939 0.0 0.0 0.0 0.0	1
P09-1056	D07-1031	0.009259259259259259 0.009259259259259259 0.0 0.0 0.009259259259259259 0.004629629629629629	1
P09-1057	D07-1031	0.0045662100456621 0.0365296803652968 0.0 0.0 0.0 0.0	1
P91-1017	J90-1003	0.009615384615384616 0.009615384615384616 0.0 0.0 0.004807692307692308 0.004807692307692308	1
P91-1019	J90-1003	0.0070921985815602835 0.0070921985815602835 0.0 0.0 0.0070921985815602835 0.0	1
P91-1027	J90-1003	0.010638297872340425 0.047872340425531915 0.0 0.0 0.0 0.0	0
W91-0211	J90-1003	0.008928571428571428 0.008928571428571428 0.0 0.0 0.004464285714285714 0.0	1
A92-1013	J90-1003	0.008888888888888889 0.03111111111111111 0.0 0.0 0.0044444444444444444 0.0	0
C92-1033	J90-1003	0.00392156862745098 0.01568627450980392 0.0 0.0 0.0 0.0	1
H92-1040	J90-1003	0.007194244604316547 0.007194244604316547 0.0 0.0 0.0 0.0	0
H92-1047	J90-1003	0.007194244604316547 0.007194244604316547 0.0 0.0 0.0 0.0	1
J92-1001	J90-1003	0.006342494714587738 0.006342494714587738 0.0 0.0 0.004228329809725159 0.0021141649048625794	1
P92-1014	J90-1003	0.005128205128205128 0.005128205128205128 0.0 0.0 0.0 0.0	0
P92-1052	J90-1003	0.017241379310344827 0.017241379310344827 0.0 0.0 0.017241379310344827 0.0	1
H93-1049	J90-1003	0.03164556962025317 0.03164556962025317 0.0 0.0 0.0 0.0	0
J93-1006	J90-1003	0.002551020408163265 0.015306122448979591 0.0 0.0 0.002551020408163265 0.0	1
J93-2005	J90-1003	0.004889975550122249 0.004889975550122249 0.0 0.0 0.0024449877750611247 0.0	1
J93-3004	J90-1003	0.02459016393442623 0.040983606557377046 0.0 0.0 0.00819672131147541 0.00819672131147541	0
P93-1022	J90-1003	0.011235955056179775 0.03932584269662921 0.0 0.0 0.011235955056179775 0.0	1
P93-1043	J90-1003	0.014285714285714285 0.014285714285714285 0.0 0.0 0.014285714285714285 0.0	1
W93-0111	J90-1003	0.002702702702702703 0.021621621621621623 0.0 0.0 0.002702702702702703 0.0	1
W93-0310	J90-1003	0.015384615384615385 0.015384615384615385 0.0 0.0 0.0 0.007692307692307693	1
A94-1006	J90-1003	0.0056179775280898875 0.0449438202247191 0.0 0.0 0.0056179775280898875 0.0	1
C94-1074	J90-1003	0.007633587786259542 0.015267175572519083 0.0 0.0 0.003816793893129771 0.0	1
C94-1084	J90-1003	0.016 0.016 0.0 0.0 0.0 0.0	1
J94-4003	J90-1003	0.0027662517289073307 0.02074688796680498 0.0 0.0 0.0027662517289073307 0.0013831258644536654	1
J94-4005	J90-1003	0.004347826086956522 0.008695652173913044 0.0 0.0 0.004347826086956522 0.0	1
E95-1037	J90-1003	0.0078125 0.0078125 0.0 0.0 0.0078125 0.0078125	1
W95-0111	J90-1003	0.021164021164021163 0.042328042328042326 0.0 0.0 0.0 0.0	1
C96-1055	J90-1003	0.005405405405405406 0.005405405405405406 0.0 0.0 0.005405405405405406 0.0	1
C96-1083	J90-1003	0.015748031496062992 0.015748031496062992 0.0 0.0 0.007874015748031496 0.007874015748031496	1
C96-1097	J90-1003	0.005405405405405406 0.005405405405405406 0.0 0.0 0.005405405405405406 0.0	1
C96-2100	J90-1003	0.029411764705882353 0.051470588235294115 0.0 0.0 0.029411764705882353 0.007352941176470588	0
C96-2163	J90-1003	0.007352941176470588 0.007352941176470588 0.0 0.0 0.0 0.0	1
C96-2208	J90-1003	0.01 0.01 0.0 0.0 0.0 0.0	1
W96-0103	J90-1003	0.006349206349206349 0.006349206349206349 0.0 0.0 0.0 0.0	1
W96-0306	J90-1003	0.008064516129032258 0.008064516129032258 0.0 0.0 0.008064516129032258 0.0	1
A97-1021	J90-1003	0.006134969325153374 0.006134969325153374 0.0 0.0 0.006134969325153374 0.0	1
A97-1045	J90-1003	0.01 0.03 0.0 0.0 0.0 0.0	1
P97-1007	J90-1003	0.006060606060606061 0.006060606060606061 0.0 0.0 0.006060606060606061 0.0	1
P97-1024	J90-1003	0.004329004329004329 0.004329004329004329 0.0 0.0 0.0 0.0	1
W97-0205	J90-1003	0.005988023952095809 0.005988023952095809 0.0 0.0 0.0 0.0	1
W97-0709	J90-1003	0.058823529411764705 0.11764705882352941 0.0 0.0 0.0 0.0	1
W97-0711	J90-1003	0.07692307692307693 0.11538461538461539 0.0 0.0 0.07692307692307693 0.038461538461538464	1
C98-1062	J90-1003	0.014184397163120567 0.014184397163120567 0.0 0.0 0.0 0.0	1
C98-1097	J90-1003	0.007518796992481203 0.007518796992481203 0.0 0.0 0.0 0.0	1
C98-2226	J90-1003	0.007194244604316547 0.02158273381294964 0.0 0.0 0.0 0.0	1
C98-2238	J90-1003	0.0125 0.0125 0.0 0.0 0.0 0.0	1
W98-1104	J90-1003	0.00796812749003984 0.02390438247011952 0.0 0.0 0.0 0.0	1
E99-1005	J90-1003	0.006289308176100629 0.006289308176100629 0.0 0.0 0.0 0.0	1
E99-1013	J90-1003	0.006493506493506494 0.006493506493506494 0.0 0.0 0.0 0.0	1
P99-1004	J90-1003	0.004016064257028112 0.01606425702811245 0.0 0.0 0.004016064257028112 0.0	1
P99-1029	J90-1003	0.012987012987012988 0.012987012987012988 0.0 0.0 0.0 0.006493506493506494	0
P99-1051	J90-1003	0.005376344086021506 0.005376344086021506 0.0 0.0 0.005376344086021506 0.0	1
C00-1059	J90-1003	0.011049723756906077 0.011049723756906077 0.0 0.0 0.0 0.0	1
C00-2128	J90-1003	0.006211180124223602 0.006211180124223602 0.0 0.0 0.006211180124223602 0.0	1
J00-3001	J90-1003	0.009433962264150943 0.009433962264150943 0.0031446540880503146 0.0 0.0 0.0	0
W00-1106	J90-1003	0.005847953216374269 0.005847953216374269 0.0 0.0 0.005847953216374269 0.0	1
W00-1313	J90-1003	0.008333333333333333 0.008333333333333333 0.0 0.0 0.0 0.0	1
P01-1059	J90-1003	0.005494505494505495 0.005494505494505495 0.0 0.0 0.0 0.0	1
W01-0513	J90-1003	0.009478672985781991 0.014218009478672985 0.0 0.0 0.009478672985781991 0.0	1
C02-1033	J90-1003	0.00625 0.00625 0.0 0.0 0.0 0.0	1
C02-1086	J90-1003	0.013333333333333334 0.013333333333333334 0.0 0.0 0.006666666666666667 0.0	0
J02-2003	J90-1003	0.003067484662576687 0.003067484662576687 0.0 0.0 0.0 0.0	1
W02-1115	J90-1003	0.008928571428571428 0.026785714285714284 0.0 0.0 0.008928571428571428 0.0	1
N03-1032	J90-1003	0.014925373134328358 0.014925373134328358 0.0 0.0 0.004975124378109453 0.0	0
W03-1805	J90-1003	0.012903225806451613 0.01935483870967742 0.0 0.0 0.0064516129032258064 0.0	0
C04-1105	J90-1003	0.005813953488372093 0.011627906976744186 0.0 0.0 0.0 0.0	0
C04-1141	J90-1003	0.006578947368421052 0.006578947368421052 0.0 0.0 0.006578947368421052 0.0	1
C04-1194	J90-1003	0.005988023952095809 0.005988023952095809 0.0 0.0 0.0 0.0	1
J04-3002	J90-1003	0.0016286644951140066 0.0016286644951140066 0.0 0.0 0.0 0.0016286644951140066	1
P04-1022	J90-1003	0.005076142131979695 0.005076142131979695 0.0 0.0 0.005076142131979695 0.0	1
P04-3019	J90-1003	0.034482758620689655 0.034482758620689655 0.0 0.0 0.0 0.0	1
W04-1113	J90-1003	0.015384615384615385 0.015384615384615385 0.0 0.0 0.0 0.0	0
W04-1114	J90-1003	0.003676470588235294 0.007352941176470588 0.0 0.0 0.0 0.0	1
W04-2105	J90-1003	0.006289308176100629 0.012578616352201259 0.0 0.0 0.006289308176100629 0.0	1
P05-1014	J90-1003	0.010050251256281407 0.010050251256281407 0.0 0.0 0.010050251256281407 0.0	1
P05-1075	J90-1003	0.012987012987012988 0.025974025974025976 0.0 0.0 0.012987012987012988 0.0	1
W05-0101	J90-1003	0.0049261083743842365 0.0049261083743842365 0.0 0.0 0.0049261083743842365 0.0	1
W05-0829	J90-1003	0.012345679012345678 0.012345679012345678 0.0 0.0 0.0 0.0	1
P06-1036	J90-1003	0.011976047904191617 0.011976047904191617 0.0 0.0 0.0 0.0	1
P06-2033	J90-1003	0.003067484662576687 0.006134969325153374 0.0 0.0 0.0 0.0	1
P06-2069	J90-1003	0.005376344086021506 0.005376344086021506 0.0 0.0 0.005376344086021506 0.0	1
W06-0308	J90-1003	0.006289308176100629 0.006289308176100629 0.006289308176100629 0.0 0.0 0.0	1
W06-1101	J90-1003	0.004291845493562232 0.008583690987124463 0.0 0.0 0.0 0.0	1
W06-1605	J90-1003	0.0045871559633027525 0.0045871559633027525 0.0 0.0 0.0 0.0	1
W06-3307	J90-1003	0.006756756756756757 0.006756756756756757 0.0 0.0 0.006756756756756757 0.0	1
D07-1039	J90-1003	0.004901960784313725 0.004901960784313725 0.0 0.0 0.0 0.0	1
W07-2201	J90-1003	0.010582010582010581 0.010582010582010581 0.0 0.0 0.0 0.0	1
C08-1117	J90-1003	0.004694835680751174 0.004694835680751174 0.0 0.0 0.0 0.0	1
D08-1007	J90-1003	0.003952569169960474 0.003952569169960474 0.003952569169960474 0.0 0.0 0.0	0
D08-1044	J90-1003	0.004651162790697674 0.004651162790697674 0.0 0.0 0.004651162790697674 0.0	1
I08-1014	J90-1003	0.006329113924050633 0.006329113924050633 0.0 0.0 0.006329113924050633 0.0	0
P08-1013	J90-1003	0.004807692307692308 0.004807692307692308 0.0 0.0 0.0 0.0	1
P08-2046	J90-1003	0.010638297872340425 0.010638297872340425 0.0 0.0 0.010638297872340425 0.0	1
W08-1901	J90-1003	0.005263157894736842 0.005263157894736842 0.0 0.0 0.0 0.0	1
W08-1914	J90-1003	0.006711409395973154 0.013422818791946308 0.0 0.0 0.0 0.0	1
W08-2005	J90-1003	0.005235602094240838 0.005235602094240838 0.0 0.0 0.0 0.0	1
D09-1051	J90-1003	0.004219409282700422 0.004219409282700422 0.0 0.0 0.004219409282700422 0.0	0
J09-3004	J90-1003	0.005305039787798408 0.005305039787798408 0.0 0.0 0.005305039787798408 0.0	0
N09-1032	J90-1003	0.004048582995951417 0.004048582995951417 0.0 0.0 0.0 0.0	1
P09-1072	J90-1003	0.0091324200913242 0.0091324200913242 0.0 0.0 0.0045662100456621 0.0	1
W09-0211	J90-1003	0.006329113924050633 0.006329113924050633 0.0 0.0 0.0 0.0	1
W09-0304	J90-1003	0.012121212121212121 0.012121212121212121 0.0 0.0 0.006060606060606061 0.0	0
A94-1006	J93-1007	0.016853932584269662 0.02247191011235955 0.0 0.0 0.011235955056179775 0.0	1
C94-1074	J93-1007	0.007633587786259542 0.026717557251908396 0.0 0.0 0.0 0.0	0
C94-1091	J93-1007	0.00641025641025641 0.01282051282051282 0.0 0.0 0.0 0.0	1
C94-1096	J93-1007	0.02608695652173913 0.02608695652173913 0.0 0.0 0.008695652173913044 0.0	1
C94-2202	J93-1007	0.007042253521126761 0.02112676056338028 0.0 0.0 0.007042253521126761 0.007042253521126761	1
J94-4003	J93-1007	0.0027662517289073307 0.0027662517289073307 0.0 0.0 0.0027662517289073307 0.0013831258644536654	1
W94-0311	J93-1007	0.005952380952380952 0.005952380952380952 0.0 0.0 0.0 0.0	1
E95-1003	J93-1007	0.013245033112582781 0.013245033112582781 0.0 0.0 0.006622516556291391 0.0	1
P95-1007	J93-1007	0.0053475935828877 0.0053475935828877 0.0 0.0 0.0 0.0	1
P95-1027	J93-1007	0.00510204081632653 0.00510204081632653 0.0 0.0 0.00510204081632653 0.0	1
W95-0111	J93-1007	0.010582010582010581 0.010582010582010581 0.0 0.0 0.0 0.0	1
C96-1009	J93-1007	0.02717391304347826 0.03260869565217391 0.0 0.0 0.010869565217391304 0.0	0
C96-1039	J93-1007	0.0023584905660377358 0.0047169811320754715 0.0 0.0 0.0023584905660377358 0.0	1
C96-1083	J93-1007	0.007874015748031496 0.007874015748031496 0.0 0.0 0.007874015748031496 0.007874015748031496	1
C96-1089	J93-1007	0.005208333333333333 0.010416666666666666 0.0 0.0 0.0 0.0	0
C96-1097	J93-1007	0.010810810810810811 0.010810810810810811 0.0 0.0 0.005405405405405406 0.0	1
C96-2100	J93-1007	0.014705882352941176 0.029411764705882353 0.0 0.0 0.0 0.0	0
W96-0103	J93-1007	0.0031746031746031746 0.0031746031746031746 0.0 0.0 0.0 0.0	1
W96-0304	J93-1007	0.004424778761061947 0.008849557522123894 0.0 0.0 0.0 0.0	1
A97-1026	J93-1007	0.010050251256281407 0.010050251256281407 0.0 0.0 0.0 0.0	1
A97-1045	J93-1007	0.01 0.01 0.0 0.0 0.0 0.0	1
A97-1050	J93-1007	0.0035087719298245615 0.014035087719298246 0.0 0.0 0.0035087719298245615 0.0	1
A97-1054	J93-1007	0.005319148936170213 0.005319148936170213 0.0 0.0 0.005319148936170213 0.0	1
P97-1061	J93-1007	0.01764705882352941 0.029411764705882353 0.0 0.0 0.011764705882352941 0.011764705882352941	0
W97-0205	J93-1007	0.005988023952095809 0.005988023952095809 0.0 0.0 0.005988023952095809 0.0	1
W97-1004	J93-1007	0.012422360248447204 0.012422360248447204 0.0 0.0 0.006211180124223602 0.006211180124223602	0
C98-1089	J93-1007	0.006802721088435374 0.006802721088435374 0.0 0.0 0.0 0.0	1
C98-2120	J93-1007	0.006329113924050633 0.006329113924050633 0.0 0.0 0.0 0.0	1
C98-2122	J93-1007	0.009174311926605505 0.009174311926605505 0.0 0.0 0.0 0.0	1
C98-2211	J93-1007	0.014814814814814815 0.014814814814814815 0.0 0.0 0.0 0.0	1
J98-2002	J93-1007	0.007653061224489796 0.007653061224489796 0.0 0.0 0.00510204081632653 0.002551020408163265	0
P99-1029	J93-1007	0.006493506493506494 0.006493506493506494 0.0 0.0 0.0 0.0	1
P99-1041	J93-1007	0.007633587786259542 0.015267175572519083 0.0 0.0 0.007633587786259542 0.0	1
P99-1043	J93-1007	0.011904761904761904 0.023809523809523808 0.0 0.0 0.011904761904761904 0.0	1
W99-0610	J93-1007	0.007352941176470588 0.014705882352941176 0.0 0.003676470588235294 0.0 0.0	0
A00-1042	J93-1007	0.011235955056179775 0.011235955056179775 0.0 0.0 0.0 0.0	1
C00-2113	J93-1007	0.007246376811594203 0.007246376811594203 0.0 0.0 0.0 0.0	1
C00-2121	J93-1007	0.007633587786259542 0.007633587786259542 0.0 0.0 0.0 0.0	1
J00-3001	J93-1007	0.0031446540880503146 0.0031446540880503146 0.0 0.0 0.0 0.0	1
W00-1203	J93-1007	0.004878048780487805 0.00975609756097561 0.0 0.0 0.0 0.0	1
W01-0513	J93-1007	0.004739336492890996 0.004739336492890996 0.0 0.0 0.004739336492890996 0.0	1
C02-1007	J93-1007	0.005649717514124294 0.005649717514124294 0.0 0.0 0.005649717514124294 0.0	1
C02-2003	J93-1007	0.007194244604316547 0.007194244604316547 0.0 0.0 0.0 0.0	1
W02-0909	J93-1007	0.003215434083601286 0.006430868167202572 0.0 0.0 0.0 0.0	1
W02-1606	J93-1007	0.005154639175257732 0.010309278350515464 0.0 0.0 0.0 0.0	1
W02-2001	J93-1007	0.01775147928994083 0.03550295857988166 0.0 0.0 0.0 0.005917159763313609	0
W03-1705	J93-1007	0.0048543689320388345 0.0048543689320388345 0.0 0.0 0.0048543689320388345 0.0	1
W03-1717	J93-1007	0.009174311926605505 0.009174311926605505 0.0 0.0 0.0 0.0	1
W03-1805	J93-1007	0.0064516129032258064 0.012903225806451613 0.0 0.0 0.0064516129032258064 0.0	1
W03-1806	J93-1007	0.014778325123152709 0.014778325123152709 0.0 0.0 0.014778325123152709 0.009852216748768473	0
W03-1807	J93-1007	0.015789473684210527 0.015789473684210527 0.0 0.0 0.005263157894736842 0.0	0
C04-1141	J93-1007	0.006578947368421052 0.013157894736842105 0.0 0.0 0.0 0.0	1
P04-1022	J93-1007	0.015228426395939087 0.025380710659898477 0.0 0.0 0.015228426395939087 0.005076142131979695	1
P04-3019	J93-1007	0.034482758620689655 0.06896551724137931 0.0 0.0 0.0 0.0	1
W04-0407	J93-1007	0.005952380952380952 0.005952380952380952 0.0 0.0 0.005952380952380952 0.0	1
W04-0412	J93-1007	0.005154639175257732 0.005154639175257732 0.0 0.0 0.005154639175257732 0.0	1
W04-1113	J93-1007	0.020512820512820513 0.035897435897435895 0.0 0.0 0.0 0.005128205128205128	0
W04-2105	J93-1007	0.006289308176100629 0.006289308176100629 0.0 0.0 0.006289308176100629 0.0	1
P05-1075	J93-1007	0.012987012987012988 0.012987012987012988 0.0 0.0 0.012987012987012988 0.0	0
W05-1006	J93-1007	0.006756756756756757 0.006756756756756757 0.0 0.0 0.0 0.0	1
E06-1026	J93-1007	0.005434782608695652 0.005434782608695652 0.0 0.0 0.0 0.0	1
E06-1043	J93-1007	0.004807692307692308 0.004807692307692308 0.0 0.0 0.004807692307692308 0.0	1
P06-1120	J93-1007	0.012578616352201259 0.018867924528301886 0.0 0.0 0.0 0.0	1
W06-1006	J93-1007	0.0457516339869281 0.0457516339869281 0.0 0.0 0.0392156862745098 0.0	1
W06-2403	J93-1007	0.006666666666666667 0.006666666666666667 0.0 0.0 0.0 0.0	1
W06-2406	J93-1007	0.009009009009009009 0.013513513513513514 0.0 0.0 0.009009009009009009 0.0	1
N07-1037	J93-1007	0.003389830508474576 0.006779661016949152 0.0 0.0 0.0 0.0	1
W07-1511	J93-1007	0.008403361344537815 0.008403361344537815 0.0 0.0 0.004201680672268907 0.0	1
C08-1030	J93-1007	0.004830917874396135 0.004830917874396135 0.0 0.0 0.0 0.0	1
I08-1014	J93-1007	0.006329113924050633 0.006329113924050633 0.0 0.0 0.0 0.0	1
C96-1059	J96-2004	0.00684931506849315 0.00684931506849315 0.0 0.0 0.0 0.0	1
W96-0402	J96-2004	0.00398406374501992 0.00796812749003984 0.0 0.0 0.0 0.0	1
A97-1050	J96-2004	0.0035087719298245615 0.010526315789473684 0.0 0.0 0.0 0.0	1
J97-1002	J96-2004	0.0049504950495049506 0.0297029702970297 0.0 0.0 0.0 0.0	1
J97-1003	J96-2004	0.00865051903114187 0.012110726643598616 0.0 0.0 0.0034602076124567475 0.0	0
J97-1005	J96-2004	0.0027247956403269754 0.005449591280653951 0.0 0.0 0.0013623978201634877 0.0	1
P97-1034	J96-2004	0.009569377990430622 0.009569377990430622 0.0 0.0 0.004784688995215311 0.0	1
W97-0113	J96-2004	0.017142857142857144 0.022857142857142857 0.0 0.0 0.005714285714285714 0.0	1
W97-0203	J96-2004	0.007575757575757576 0.007575757575757576 0.0 0.0 0.007575757575757576 0.0	1
W97-0320	J96-2004	0.009900990099009901 0.009900990099009901 0.0 0.0 0.009900990099009901 0.0	1
C98-1051	J96-2004	0.005813953488372093 0.005813953488372093 0.0 0.0 0.0 0.0	1
J98-2001	J96-2004	0.004694835680751174 0.009389671361502348 0.0 0.0 0.001564945226917058 0.001564945226917058	1
W98-0317	J96-2004	0.004608294930875576 0.004608294930875576 0.0 0.0 0.004608294930875576 0.0	1
W98-0319	J96-2004	0.0058823529411764705 0.011764705882352941 0.0 0.0 0.0058823529411764705 0.0	1
E99-1006	J96-2004	0.004201680672268907 0.008403361344537815 0.0 0.0 0.0 0.0	1
E99-1015	J96-2004	0.006172839506172839 0.030864197530864196 0.0 0.0 0.0 0.0	1
P99-1032	J96-2004	0.005235602094240838 0.005235602094240838 0.0 0.0 0.005235602094240838 0.005235602094240838	1
P99-1068	J96-2004	0.005405405405405406 0.010810810810810811 0.0 0.0 0.0 0.0	1
W99-0305	J96-2004	0.03007518796992481 0.045112781954887216 0.0 0.0 0.0 0.0	1
W99-0307	J96-2004	0.010810810810810811 0.032432432432432434 0.0 0.0 0.0 0.0	1
W99-0311	J96-2004	0.0055248618784530384 0.011049723756906077 0.0 0.0 0.0 0.0	1
W99-0502	J96-2004	0.2 0.2 0.0 0.0 0.1 0.0	1
W99-0508	J96-2004	0.16666666666666666 0.16666666666666666 0.0 0.0 0.16666666666666666 0.0	1
A00-1007	J96-2004	0.0045871559633027525 0.0045871559633027525 0.0 0.0 0.0045871559633027525 0.0045871559633027525	1
A00-1012	J96-2004	0.017543859649122806 0.023391812865497075 0.0 0.0 0.0 0.005847953216374269	0
A00-2003	J96-2004	0.004219409282700422 0.004219409282700422 0.0 0.0 0.004219409282700422 0.0	1
C00-1039	J96-2004	0.007751937984496124 0.007751937984496124 0.0 0.0 0.0 0.0	1
J00-3003	J96-2004	0.0017094017094017094 0.0017094017094017094 0.0 0.0 0.0 0.0	1
J00-4003	J96-2004	0.00130718954248366 0.00392156862745098 0.0 0.0 0.00130718954248366 0.0	1
P00-1051	J96-2004	0.014925373134328358 0.014925373134328358 0.007462686567164179 0.0 0.014925373134328358 0.0	1
W00-1302	J96-2004	0.0044444444444444444 0.0044444444444444444 0.0 0.0 0.0044444444444444444 0.0	1
W00-1403	J96-2004	0.00641025641025641 0.00641025641025641 0.0 0.0 0.00641025641025641 0.0	1
W00-1415	J96-2004	0.0048543689320388345 0.0048543689320388345 0.0 0.0 0.0 0.0	1
J01-3003	J96-2004	0.0015151515151515152 0.0015151515151515152 0.0 0.0 0.0 0.0	1
N01-1010	J96-2004	0.014563106796116505 0.014563106796116505 0.0 0.0 0.0048543689320388345 0.0	1
P01-1032	J96-2004	0.005988023952095809 0.005988023952095809 0.0 0.0 0.005988023952095809 0.0	1
P01-1038	J96-2004	0.00510204081632653 0.00510204081632653 0.0 0.0 0.0 0.0	1
P01-1051	J96-2004	0.007042253521126761 0.014084507042253521 0.0 0.0 0.007042253521126761 0.0	1
J02-3004	J96-2004	0.0018115942028985507 0.0018115942028985507 0.0 0.0 0.0 0.0	1
J02-4001	J96-2004	0.006493506493506494 0.006493506493506494 0.0 0.0 0.006493506493506494 0.0	1
J02-4002	J96-2004	0.00145985401459854 0.004379562043795621 0.0 0.0 0.0 0.0	1
P02-1045	J96-2004	0.0045871559633027525 0.0045871559633027525 0.0 0.0 0.0 0.0	1
W02-0207	J96-2004	0.009433962264150943 0.009433962264150943 0.0 0.0 0.0 0.0	1
W02-0226	J96-2004	0.0091324200913242 0.0136986301369863 0.0 0.0 0.0091324200913242 0.0	1
W02-0806	J96-2004	0.010869565217391304 0.010869565217391304 0.0 0.0 0.0 0.0	1
W02-0808	J96-2004	0.007692307692307693 0.007692307692307693 0.0 0.0 0.0 0.0	1
W02-0904	J96-2004	0.004524886877828055 0.004524886877828055 0.0 0.0 0.0 0.0	1
W02-1040	J96-2004	0.00546448087431694 0.00546448087431694 0.0 0.0 0.0 0.0	1
J03-1004	J96-2004	0.003076923076923077 0.003076923076923077 0.0 0.0 0.0 0.0	1
N03-1012	J96-2004	0.006172839506172839 0.006172839506172839 0.0 0.0 0.0 0.0	1
P03-1008	J96-2004	0.005154639175257732 0.005154639175257732 0.0 0.0 0.005154639175257732 0.0	1
P03-1048	J96-2004	0.011111111111111112 0.011111111111111112 0.0 0.0 0.011111111111111112 0.0	1
W03-0201	J96-2004	0.004651162790697674 0.004651162790697674 0.0 0.0 0.0 0.0	1
W03-0902	J96-2004	0.005263157894736842 0.005263157894736842 0.0 0.0 0.0 0.0	1
W03-1010	J96-2004	0.006535947712418301 0.006535947712418301 0.0 0.0 0.0 0.0	1
W03-1903	J96-2004	0.01282051282051282 0.01282051282051282 0.0 0.0 0.01282051282051282 0.0	1
W03-2802	J96-2004	0.005208333333333333 0.005208333333333333 0.0 0.0 0.0 0.0	1
C04-1020	J96-2004	0.005128205128205128 0.005128205128205128 0.0 0.0 0.0 0.0	1
C04-1034	J96-2004	0.004807692307692308 0.004807692307692308 0.0 0.0 0.0 0.0	1
C04-1035	J96-2004	0.0048543689320388345 0.0048543689320388345 0.0 0.0 0.0 0.0	1
C04-1128	J96-2004	0.006535947712418301 0.006535947712418301 0.0 0.0 0.0 0.0	1
C04-1161	J96-2004	0.005076142131979695 0.015228426395939087 0.0 0.0 0.0 0.0	0
J04-1005	J96-2004	0.007518796992481203 0.022556390977443608 0.0 0.0 0.0 0.0	1
J04-3003	J96-2004	0.0022172949002217295 0.0022172949002217295 0.0 0.0 0.0011086474501108647 0.0	1
N04-1026	J96-2004	0.005208333333333333 0.005208333333333333 0.0 0.0 0.0 0.0	1
P04-1049	J96-2004	0.0056179775280898875 0.0056179775280898875 0.0 0.0 0.0 0.0	1
P04-1088	J96-2004	0.005128205128205128 0.020512820512820513 0.0 0.0 0.005128205128205128 0.0	1
W04-0204	J96-2004	0.006134969325153374 0.006134969325153374 0.0 0.0 0.0 0.0	1
W04-0210	J96-2004	0.006211180124223602 0.006211180124223602 0.0 0.0 0.0 0.0	1
W04-0216	J96-2004	0.006134969325153374 0.024539877300613498 0.0 0.0 0.0 0.0	1
W04-0713	J96-2004	0.004149377593360996 0.004149377593360996 0.0 0.0 0.0 0.0	1
W04-0807	J96-2004	0.008849557522123894 0.008849557522123894 0.0 0.0 0.0 0.0	1
W04-1211	J96-2004	0.020202020202020204 0.020202020202020204 0.0 0.0 0.0 0.0	1
W04-2312	J96-2004	0.005747126436781609 0.005747126436781609 0.0 0.0 0.005747126436781609 0.0	0
W04-2323	J96-2004	0.0044444444444444444 0.0044444444444444444 0.0 0.0 0.0 0.0	1
W04-2326	J96-2004	0.004405286343612335 0.004405286343612335 0.0 0.0 0.0 0.0	1
W04-2703	J96-2004	0.004329004329004329 0.008658008658008658 0.0 0.0 0.004329004329004329 0.0	1
W04-2802	J96-2004	0.0078125 0.0078125 0.0 0.0 0.0 0.0	1
H05-1031	J96-2004	0.0056179775280898875 0.0056179775280898875 0.0 0.0 0.0 0.0	1
H05-1115	J96-2004	0.0048543689320388345 0.0048543689320388345 0.0 0.0 0.0 0.0	1
J05-2005	J96-2004	0.0016806722689075631 0.0016806722689075631 0.0 0.0 0.0 0.0	1
J05-3001	J96-2004	0.03305785123966942 0.03305785123966942 0.0 0.0 0.008264462809917356 0.0	0
P05-1031	J96-2004	0.003968253968253968 0.007936507936507936 0.0 0.0 0.0 0.0	1
P05-2010	J96-2004	0.00847457627118644 0.00847457627118644 0.0 0.0 0.00847457627118644 0.0	1
P05-2014	J96-2004	0.007352941176470588 0.007352941176470588 0.0 0.0 0.0 0.0	1
W05-0307	J96-2004	0.00234192037470726 0.01873536299765808 0.0 0.0 0.0 0.0	1
W05-0901	J96-2004	0.004545454545454545 0.004545454545454545 0.0 0.0 0.004545454545454545 0.0	1
W05-0906	J96-2004	0.006493506493506494 0.006493506493506494 0.0 0.0 0.0 0.0	1
W05-1009	J96-2004	0.00423728813559322 0.00423728813559322 0.0 0.0 0.0 0.0	1
W05-1612	J96-2004	0.00546448087431694 0.00546448087431694 0.0 0.0 0.0 0.0	1
E06-1007	J96-2004	0.004 0.004 0.0 0.0 0.0 0.0	1
N06-2040	J96-2004	0.011111111111111112 0.011111111111111112 0.0 0.0 0.0 0.0	1
P06-1050	J96-2004	0.004651162790697674 0.004651162790697674 0.0 0.0 0.004651162790697674 0.0	1
W06-0906	J96-2004	0.009433962264150943 0.009433962264150943 0.0 0.0 0.009433962264150943 0.0	1
W06-1203	J96-2004	0.007462686567164179 0.007462686567164179 0.0 0.0 0.0 0.0	1
W06-1312	J96-2004	0.0045871559633027525 0.0045871559633027525 0.0 0.0 0.0 0.0	1
W06-1314	J96-2004	0.005917159763313609 0.005917159763313609 0.0 0.0 0.0 0.0	1
W06-1318	J96-2004	0.017045454545454544 0.017045454545454544 0.0 0.0 0.011363636363636364 0.0	1
W06-1602	J96-2004	0.005291005291005291 0.010582010582010581 0.0 0.0 0.0 0.0	1
W06-1612	J96-2004	0.005376344086021506 0.010752688172043012 0.0 0.0 0.005376344086021506 0.0	1
W06-1613	J96-2004	0.005434782608695652 0.005434782608695652 0.0 0.0 0.0 0.0	1
W06-2404	J96-2004	0.007142857142857143 0.007142857142857143 0.0 0.0 0.007142857142857143 0.0	1
W06-2505	J96-2004	0.005681818181818182 0.011363636363636364 0.0 0.0 0.0 0.0	1
W06-3328	J96-2004	0.005714285714285714 0.005714285714285714 0.0 0.0 0.0 0.0	1
W06-3406	J96-2004	0.006993006993006993 0.006993006993006993 0.0 0.0 0.0 0.0	1
N07-1072	J96-2004	0.005291005291005291 0.005291005291005291 0.0 0.0 0.0 0.0	1
P07-3006	J96-2004	0.005780346820809248 0.005780346820809248 0.0 0.0 0.005780346820809248 0.0	1
W07-0718	J96-2004	0.0041841004184100415 0.0041841004184100415 0.0 0.0 0.0 0.0	1
W07-1602	J96-2004	0.006060606060606061 0.006060606060606061 0.0 0.0 0.0 0.0	1
W07-1707	J96-2004	0.008130081300813009 0.008130081300813009 0.0 0.0 0.0 0.0	1
W07-2007	J96-2004	0.006329113924050633 0.006329113924050633 0.0 0.0 0.0 0.0	1
C08-1109	J96-2004	0.0049261083743842365 0.0049261083743842365 0.0 0.0 0.0 0.0	1
D08-1021	J96-2004	0.0048543689320388345 0.0048543689320388345 0.0 0.0 0.0 0.0	1
J08-3001	J96-2004	0.022222222222222223 0.15555555555555556 0.0 0.0 0.0 0.0	1
P08-2064	J96-2004	0.012048192771084338 0.012048192771084338 0.0 0.0 0.0 0.0	1
W08-0112	J96-2004	0.007633587786259542 0.007633587786259542 0.0 0.0 0.0 0.0	1
W08-0309	J96-2004	0.003472222222222222 0.003472222222222222 0.0 0.0 0.0 0.0	1
D09-1150	J96-2004	0.005025125628140704 0.005025125628140704 0.0 0.0 0.0 0.0	1
D09-1155	J96-2004	0.003816793893129771 0.003816793893129771 0.0 0.0 0.003816793893129771 0.0	1
P09-1094	J96-2004	0.0040650406504065045 0.0040650406504065045 0.0 0.0 0.0 0.0	1
P09-1095	J96-2004	0.004608294930875576 0.004608294930875576 0.0 0.0 0.0 0.0	1
P09-1101	J96-2004	0.004347826086956522 0.004347826086956522 0.0 0.0 0.0 0.0	1
P09-2044	J96-2004	0.009345794392523364 0.009345794392523364 0.0 0.0 0.0 0.0	1
W09-2109	J96-2004	0.0051813471502590676 0.0051813471502590676 0.0 0.0 0.0 0.0	1
N03-1024	N03-1003	0.004273504273504274 0.038461538461538464 0.0 0.0 0.0 0.0	1
W03-1602	N03-1003	0.005649717514124294 0.005649717514124294 0.0 0.0 0.005649717514124294 0.005649717514124294	1
W03-1605	N03-1003	0.005319148936170213 0.005319148936170213 0.0 0.0 0.005319148936170213 0.0	1
W03-1608	N03-1003	0.0055248618784530384 0.055248618784530384 0.0 0.0 0.0 0.0	1
C04-1051	N03-1003	0.022727272727272728 0.028409090909090908 0.0 0.0 0.017045454545454544 0.0	0
N04-1015	N03-1003	0.005714285714285714 0.022857142857142857 0.0 0.0 0.0 0.0	1
N04-1031	N03-1003	0.009478672985781991 0.009478672985781991 0.0 0.0 0.004739336492890996 0.0	1
P04-1077	N03-1003	0.004901960784313725 0.004901960784313725 0.0 0.0 0.0 0.0	1
P04-2006	N03-1003	0.00684931506849315 0.00684931506849315 0.0 0.0 0.0 0.0	0
W04-0910	N03-1003	0.0033783783783783786 0.006756756756756757 0.0 0.0 0.0033783783783783786 0.0	1
I05-5001	N03-1003	0.04081632653061224 0.04081632653061224 0.0 0.0 0.013605442176870748 0.0	0
I05-5002	N03-1003	0.0076045627376425855 0.019011406844106463 0.0 0.0 0.0076045627376425855 0.0	1
I05-5004	N03-1003	0.01098901098901099 0.01098901098901099 0.0 0.0 0.01098901098901099 0.0	1
I05-5007	N03-1003	0.014778325123152709 0.019704433497536946 0.0 0.0 0.014778325123152709 0.0049261083743842365	1
I05-5008	N03-1003	0.0 0.0 0.0 0.0 0.0 0.0	1
P05-1074	N03-1003	0.013888888888888888 0.034722222222222224 0.0 0.0 0.013888888888888888 0.0	0
W05-1210	N03-1003	0.006993006993006993 0.006993006993006993 0.0 0.0 0.006993006993006993 0.0	1
N06-1008	N03-1003	0.004464285714285714 0.004464285714285714 0.0 0.0 0.004464285714285714 0.0	1
N06-1058	N03-1003	0.008438818565400843 0.02109704641350211 0.0 0.0 0.008438818565400843 0.004219409282700422	0
P06-1034	N03-1003	0.004347826086956522 0.008695652173913044 0.0 0.0 0.004347826086956522 0.004347826086956522	1
P06-1114	N03-1003	0.00816326530612245 0.012244897959183673 0.0 0.0 0.0 0.004081632653061225	1
P06-2027	N03-1003	0.008333333333333333 0.008333333333333333 0.0 0.0 0.008333333333333333 0.0	1
P06-2070	N03-1003	0.00641025641025641 0.00641025641025641 0.0 0.0 0.00641025641025641 0.0	1
P06-2096	N03-1003	0.009345794392523364 0.028037383177570093 0.0 0.0 0.004672897196261682 0.009345794392523364	0
W06-1403	N03-1003	0.0055248618784530384 0.0055248618784530384 0.0 0.0 0.0 0.0	1
W06-1603	N03-1003	0.004032258064516129 0.004032258064516129 0.0 0.0 0.0 0.0	0
P07-1058	N03-1003	0.014563106796116505 0.014563106796116505 0.0 0.0 0.014563106796116505 0.009708737864077669	0
W07-0716	N03-1003	0.011976047904191617 0.011976047904191617 0.0 0.0 0.005988023952095809 0.0	1
W07-0909	N03-1003	0.005988023952095809 0.005988023952095809 0.0 0.0 0.005988023952095809 0.005988023952095809	1
W07-1424	N03-1003	0.011695906432748537 0.011695906432748537 0.0 0.0 0.011695906432748537 0.0	1
W07-1425	N03-1003	0.0053475935828877 0.0053475935828877 0.0 0.0 0.0053475935828877 0.0	1
W07-1429	N03-1003	0.09411764705882353 0.10588235294117647 0.0 0.0 0.09411764705882353 0.0	0
C08-1029	N03-1003	0.005025125628140704 0.01507537688442211 0.0 0.0 0.005025125628140704 0.005025125628140704	1
C08-1107	N03-1003	0.0049504950495049506 0.0049504950495049506 0.0 0.0 0.0049504950495049506 0.0	1
C08-1110	N03-1003	0.005076142131979695 0.01015228426395939 0.0 0.0 0.005076142131979695 0.0	1
I08-1070	N03-1003	0.00510204081632653 0.01020408163265306 0.0 0.0 0.00510204081632653 0.00510204081632653	1
I08-2110	N03-1003	0.007142857142857143 0.007142857142857143 0.0 0.0 0.007142857142857143 0.007142857142857143	1
P08-1077	N03-1003	0.0043859649122807015 0.013157894736842105 0.0 0.0 0.0 0.0043859649122807015	1
P08-1089	N03-1003	0.0163265306122449 0.02040816326530612 0.0 0.0 0.00816326530612245 0.00816326530612245	0
P08-1116	N03-1003	0.011583011583011582 0.03088803088803089 0.0 0.0 0.007722007722007722 0.0	1
W08-0906	N03-1003	0.01744186046511628 0.023255813953488372 0.0 0.0 0.011627906976744186 0.0	1
W08-1911	N03-1003	0.006493506493506494 0.006493506493506494 0.0 0.0 0.0 0.0	1
D09-1122	N03-1003	0.015 0.015 0.0 0.0 0.01 0.0	1
E09-1082	N03-1003	0.004739336492890996 0.004739336492890996 0.0 0.0 0.0 0.0	1
N09-3008	N03-1003	0.006944444444444444 0.006944444444444444 0.0 0.0 0.006944444444444444 0.006944444444444444	1
P09-1053	N03-1003	0.004149377593360996 0.004149377593360996 0.0 0.0 0.004149377593360996 0.0	1
P09-1094	N03-1003	0.0040650406504065045 0.02032520325203252 0.0 0.0 0.0040650406504065045 0.0	1
P09-2063	N03-1003	0.00819672131147541 0.00819672131147541 0.0 0.0 0.0 0.0	1
P09-3004	N03-1003	0.012345679012345678 0.012345679012345678 0.0 0.0 0.012345679012345678 0.0	1
W09-0604	N03-1003	0.0053475935828877 0.0053475935828877 0.0 0.0 0.0053475935828877 0.0	1
W09-2805	N03-1003	0.010582010582010581 0.010582010582010581 0.0 0.0 0.010582010582010581 0.0	1
P05-1066	N04-1035	0.004347826086956522 0.004347826086956522 0.0 0.0 0.004347826086956522 0.0	1
P05-3025	N04-1035	0.02197802197802198 0.02197802197802198 0.0 0.0 0.0 0.0	1
W05-0803	N04-1035	0.00625 0.00625 0.0 0.0 0.00625 0.0	1
N06-1001	N04-1035	0.005025125628140704 0.005025125628140704 0.0 0.0 0.0 0.005025125628140704	1
N06-1031	N04-1035	0.012658227848101266 0.012658227848101266 0.0 0.0 0.006329113924050633 0.0	1
N06-1033	N04-1035	0.021739130434782608 0.021739130434782608 0.0 0.0 0.005434782608695652 0.010869565217391304	1
N06-3004	N04-1035	0.05970149253731343 0.05970149253731343 0.0 0.0 0.0 0.014925373134328358	0
P06-1077	N04-1035	0.00398406374501992 0.01195219123505976 0.0 0.0 0.0 0.0	1
P06-1121	N04-1035	0.045714285714285714 0.05714285714285714 0.0 0.0 0.0 0.005714285714285714	0
P06-1123	N04-1035	0.014084507042253521 0.014084507042253521 0.0 0.0 0.004694835680751174 0.009389671361502348	1
W06-3601	N04-1035	0.017064846416382253 0.020477815699658702 0.0 0.0 0.0034129692832764505 0.0034129692832764505	0
W07-1512	N04-1035	0.00819672131147541 0.00819672131147541 0.0 0.0 0.00819672131147541 0.0	1
C08-1136	N04-1035	0.005376344086021506 0.005376344086021506 0.0 0.0 0.005376344086021506 0.005376344086021506	1
C08-1138	N04-1035	0.02577319587628866 0.03608247422680412 0.0 0.0 0.005154639175257732 0.005154639175257732	1
D08-1021	N04-1035	0.0048543689320388345 0.0048543689320388345 0.0 0.0 0.0048543689320388345 0.0	1
D08-1064	N04-1035	0.006896551724137931 0.006896551724137931 0.0 0.0 0.006896551724137931 0.0	1
D08-1093	N04-1035	0.005128205128205128 0.010256410256410256 0.0 0.0 0.005128205128205128 0.0	1
P08-1023	N04-1035	0.015267175572519083 0.030534351145038167 0.0 0.0 0.007633587786259542 0.0	1
W08-0411	N04-1035	0.013636363636363636 0.013636363636363636 0.0 0.0 0.00909090909090909 0.00909090909090909	1
D09-1076	N04-1035	0.021621621621621623 0.02702702702702703 0.005405405405405406 0.0 0.0 0.0	0
D09-1108	N04-1035	0.007662835249042145 0.007662835249042145 0.0 0.0 0.007662835249042145 0.0	1
D09-1127	N04-1035	0.014563106796116505 0.014563106796116505 0.0 0.0 0.009708737864077669 0.0	1
D09-1136	N04-1035	0.010526315789473684 0.03684210526315789 0.005263157894736842 0.0 0.010526315789473684 0.0	1
N09-1025	N04-1035	0.006060606060606061 0.024242424242424242 0.0 0.0 0.0 0.0	1
N09-1026	N04-1035	0.00851063829787234 0.01702127659574468 0.0 0.0 0.00425531914893617 0.0	1
N09-1058	N04-1035	0.004366812227074236 0.004366812227074236 0.0 0.0 0.004366812227074236 0.0	1
P09-1020	N04-1035	0.007434944237918215 0.007434944237918215 0.0 0.0 0.0037174721189591076 0.0	1
P09-1063	N04-1035	0.009259259259259259 0.018518518518518517 0.0 0.0 0.0 0.004629629629629629	0
P09-1064	N04-1035	0.004739336492890996 0.014218009478672985 0.0 0.0 0.0 0.0	1
P09-1108	N04-1035	0.0045871559633027525 0.013761467889908258 0.0 0.0 0.0 0.0	1
W09-2306	N04-1035	0.02564102564102564 0.02564102564102564 0.0 0.0 0.017094017094017096 0.0	1
P06-1043	N06-1020	0.03349282296650718 0.0430622009569378 0.009569377990430622 0.0 0.0 0.0	0
P06-1109	N06-1020	0.012269938650306749 0.012269938650306749 0.0 0.0 0.0 0.0	1
N07-1070	N06-1020	0.013157894736842105 0.013157894736842105 0.0 0.0 0.0043859649122807015 0.0043859649122807015	1
N07-2045	N06-1020	0.0125 0.0125 0.0 0.0 0.0125 0.0	1
P07-1036	N06-1020	0.003703703703703704 0.003703703703703704 0.0 0.0 0.0 0.0	1
P07-1049	N06-1020	0.005494505494505495 0.005494505494505495 0.0 0.0 0.0 0.0	1
P07-1051	N06-1020	0.011560693641618497 0.011560693641618497 0.0 0.0 0.005780346820809248 0.0	1
P07-1078	N06-1020	0.04040404040404041 0.04040404040404041 0.005050505050505051 0.0 0.025252525252525252 0.0	0
W07-1033	N06-1020	0.006060606060606061 0.006060606060606061 0.0 0.0 0.0 0.0	1
C08-1071	N06-1020	0.05333333333333334 0.057777777777777775 0.0 0.0 0.017777777777777778 0.0	0
D08-1071	N06-1020	0.007782101167315175 0.007782101167315175 0.0 0.0 0.0038910505836575876 0.0	1
I08-2097	N06-1020	0.012422360248447204 0.018633540372670808 0.0 0.0 0.006211180124223602 0.0	1
P08-1037	N06-1020	0.004975124378109453 0.004975124378109453 0.0 0.0 0.004975124378109453 0.004975124378109453	1
P08-1067	N06-1020	0.0111731843575419 0.0111731843575419 0.0 0.0 0.0 0.00558659217877095	1
P08-2026	N06-1020	0.04040404040404041 0.06060606060606061 0.0 0.0 0.010101010101010102 0.020202020202020204	0
W08-1122	N06-1020	0.011235955056179775 0.011235955056179775 0.0 0.0 0.011235955056179775 0.0	1
D09-1087	N06-1020	0.008888888888888889 0.008888888888888889 0.0 0.0 0.0044444444444444444 0.0	0
D09-1160	N06-1020	0.00819672131147541 0.00819672131147541 0.0 0.0 0.00819672131147541 0.0	1
D09-1161	N06-1020	0.01171875 0.01171875 0.0 0.0 0.00390625 0.0	1
E09-1033	N06-1020	0.0040650406504065045 0.0040650406504065045 0.0 0.0 0.0 0.0	1
E09-1090	N06-1020	0.004878048780487805 0.004878048780487805 0.0 0.0 0.0 0.0	1
E09-3005	N06-1020	0.027649769585253458 0.027649769585253458 0.0 0.0 0.02304147465437788 0.0	0
P09-1006	N06-1020	0.01990049751243781 0.01990049751243781 0.0 0.0 0.014925373134328358 0.0	0
P09-1108	N06-1020	0.0045871559633027525 0.0045871559633027525 0.0 0.0 0.0045871559633027525 0.0	1
W09-1008	N06-1020	0.004545454545454545 0.004545454545454545 0.0 0.0 0.004545454545454545 0.0	1
W09-1104	N06-1020	0.004524886877828055 0.004524886877828055 0.0 0.0 0.004524886877828055 0.004524886877828055	1
W09-2201	N06-1020	0.005714285714285714 0.005714285714285714 0.0 0.0 0.005714285714285714 0.0	1
W09-2205	N06-1020	0.05511811023622047 0.05511811023622047 0.0 0.0 0.047244094488188976 0.0	0
W02-1011	P02-1053	0.03389830508474576 0.03954802259887006 0.0 0.0 0.011299435028248588 0.0	0
N03-1025	P02-1053	0.010810810810810811 0.010810810810810811 0.0 0.0 0.010810810810810811 0.005405405405405406	1
W03-0404	P02-1053	0.01327433628318584 0.01327433628318584 0.0 0.0 0.01327433628318584 0.0	1
W03-1014	P02-1053	0.009478672985781991 0.009478672985781991 0.0 0.0 0.009478672985781991 0.0	1
W03-1017	P02-1053	0.03125 0.03125 0.0 0.00625 0.0125 0.0	0
C04-1071	P02-1053	0.0045871559633027525 0.0045871559633027525 0.0 0.0 0.0045871559633027525 0.0045871559633027525	1
C04-1121	P02-1053	0.008849557522123894 0.008849557522123894 0.0 0.0 0.0 0.0	1
C04-1145	P02-1053	0.00510204081632653 0.09693877551020408 0.0 0.0 0.00510204081632653 0.00510204081632653	1
C04-1200	P02-1053	0.006493506493506494 0.006493506493506494 0.0 0.0 0.006493506493506494 0.0	1
P04-1034	P02-1053	0.017142857142857144 0.08571428571428572 0.0 0.0 0.0 0.0	0
P04-1035	P02-1053	0.006756756756756757 0.006756756756756757 0.0 0.0 0.006756756756756757 0.0	1
P04-3025	P02-1053	0.025974025974025976 0.09090909090909091 0.0 0.0 0.012987012987012988 0.012987012987012988	0
H05-1043	P02-1053	0.01646090534979424 0.02880658436213992 0.0 0.0 0.012345679012345678 0.00411522633744856	1
H05-1044	P02-1053	0.01015228426395939 0.015228426395939087 0.0 0.0 0.01015228426395939 0.0	1
H05-1045	P02-1053	0.0055248618784530384 0.0055248618784530384 0.0 0.0 0.0 0.0055248618784530384	1
H05-1071	P02-1053	0.004310344827586207 0.017241379310344827 0.0 0.0 0.004310344827586207 0.0	1
H05-1073	P02-1053	0.0053475935828877 0.0053475935828877 0.0 0.0 0.0053475935828877 0.0	1
H05-1116	P02-1053	0.00425531914893617 0.00425531914893617 0.0 0.0 0.0 0.00425531914893617	1
I05-2011	P02-1053	0.00625 0.00625 0.0 0.0 0.0 0.0	1
I05-2030	P02-1053	0.006896551724137931 0.006896551724137931 0.0 0.0 0.006896551724137931 0.0	1
P05-1015	P02-1053	0.015789473684210527 0.015789473684210527 0.0 0.0 0.015789473684210527 0.0	1
P05-2008	P02-1053	0.006535947712418301 0.006535947712418301 0.0 0.0 0.0 0.006535947712418301	1
W05-0408	P02-1053	0.05172413793103448 0.08045977011494253 0.0 0.0 0.0 0.0	0
E06-1025	P02-1053	0.011976047904191617 0.04790419161676647 0.0 0.0 0.011976047904191617 0.0	1
E06-1026	P02-1053	0.010869565217391304 0.02717391304347826 0.0 0.0 0.005434782608695652 0.005434782608695652	1
J06-3003	P02-1053	0.002789400278940028 0.08786610878661087 0.0 0.0 0.002789400278940028 0.0	1
N06-1026	P02-1053	0.004739336492890996 0.004739336492890996 0.0 0.0 0.0 0.0	1
P06-1034	P02-1053	0.004347826086956522 0.004347826086956522 0.0 0.0 0.004347826086956522 0.0	1
P06-1134	P02-1053	0.010309278350515464 0.010309278350515464 0.0 0.0 0.010309278350515464 0.005154639175257732	1
P06-2059	P02-1053	0.006920415224913495 0.010380622837370242 0.0 0.0 0.0034602076124567475 0.0034602076124567475	0
P06-2063	P02-1053	0.011278195488721804 0.011278195488721804 0.0 0.0 0.007518796992481203 0.0037593984962406013	1
P06-2079	P02-1053	0.01293103448275862 0.01293103448275862 0.0 0.0 0.0 0.0	1
P06-2081	P02-1053	0.009433962264150943 0.009433962264150943 0.0 0.0 0.0047169811320754715 0.0	1
W06-0301	P02-1053	0.00558659217877095 0.00558659217877095 0.0 0.0 0.00558659217877095 0.00558659217877095	1
W06-0302	P02-1053	0.005681818181818182 0.005681818181818182 0.0 0.0 0.0 0.0	1
W06-0305	P02-1053	0.005649717514124294 0.005649717514124294 0.0 0.0 0.005649717514124294 0.005649717514124294	1
W06-0306	P02-1053	0.005291005291005291 0.005291005291005291 0.0 0.0 0.005291005291005291 0.0	1
W06-0308	P02-1053	0.006289308176100629 0.07547169811320754 0.006289308176100629 0.0 0.0 0.0	1
W06-1613	P02-1053	0.005434782608695652 0.005434782608695652 0.0 0.0 0.0 0.0	1
W06-1639	P02-1053	0.005780346820809248 0.005780346820809248 0.0 0.0 0.005780346820809248 0.0	1
W06-1640	P02-1053	0.004761904761904762 0.004761904761904762 0.0 0.0 0.0 0.004761904761904762	1
W06-1641	P02-1053	0.004347826086956522 0.013043478260869565 0.0 0.0 0.0 0.0	1
W06-1642	P02-1053	0.008 0.008 0.0 0.0 0.0 0.004	1
W06-1650	P02-1053	0.010638297872340425 0.010638297872340425 0.0 0.0 0.005319148936170213 0.0	1
W06-1652	P02-1053	0.005291005291005291 0.005291005291005291 0.0 0.0 0.005291005291005291 0.0	1
W06-1664	P02-1053	0.004098360655737705 0.01639344262295082 0.0 0.0 0.0 0.0	1
W06-3301	P02-1053	0.00641025641025641 0.00641025641025641 0.0 0.0 0.00641025641025641 0.0	1
W06-3808	P02-1053	0.004975124378109453 0.004975124378109453 0.0 0.0 0.004975124378109453 0.0	1
D07-1113	P02-1053	0.007067137809187279 0.007067137809187279 0.0 0.0 0.0 0.0	1
D07-1114	P02-1053	0.00425531914893617 0.00425531914893617 0.0 0.0 0.00425531914893617 0.0	1
D07-1115	P02-1053	0.03202846975088968 0.0498220640569395 0.0 0.0 0.0035587188612099642 0.0	0
N07-1037	P02-1053	0.003389830508474576 0.01694915254237288 0.0 0.0 0.0 0.003389830508474576	1
N07-1038	P02-1053	0.009389671361502348 0.009389671361502348 0.0 0.0 0.009389671361502348 0.004694835680751174	1
N07-1039	P02-1053	0.0425531914893617 0.0425531914893617 0.0 0.0 0.02127659574468085 0.0425531914893617	1
N07-2048	P02-1053	0.03389830508474576 0.0847457627118644 0.0 0.0 0.0 0.0	0
N07-4010	P02-1053	0.020833333333333332 0.020833333333333332 0.0 0.0 0.020833333333333332 0.020833333333333332	1
P07-1053	P02-1053	0.009900990099009901 0.01485148514851485 0.0 0.0 0.0049504950495049506 0.0049504950495049506	1
P07-1055	P02-1053	0.009302325581395349 0.009302325581395349 0.0 0.0 0.009302325581395349 0.004651162790697674	1
P07-1056	P02-1053	0.014634146341463415 0.014634146341463415 0.0 0.004878048780487805 0.004878048780487805 0.0	1
P07-1123	P02-1053	0.005154639175257732 0.005154639175257732 0.0 0.0 0.005154639175257732 0.0	1
P07-1124	P02-1053	0.011494252873563218 0.011494252873563218 0.0 0.0 0.005747126436781609 0.0	1
P07-3007	P02-1053	0.0078125 0.0078125 0.0 0.0 0.0 0.0	1
W07-1515	P02-1053	0.006369426751592357 0.006369426751592357 0.006369426751592357 0.0 0.0 0.0	1
W07-2064	P02-1053	0.0136986301369863 0.0410958904109589 0.0 0.0 0.0 0.0	1
W07-2072	P02-1053	0.09195402298850575 0.10344827586206896 0.0 0.0 0.011494252873563218 0.0	0
C08-1024	P02-1053	0.005263157894736842 0.005263157894736842 0.0 0.0 0.005263157894736842 0.0	1
C08-1031	P02-1053	0.010309278350515464 0.010309278350515464 0.0 0.0 0.006872852233676976 0.0	1
C08-1052	P02-1053	0.005235602094240838 0.005235602094240838 0.0 0.0 0.005235602094240838 0.0	1
C08-1103	P02-1053	0.004761904761904762 0.004761904761904762 0.0 0.0 0.0 0.0	1
C08-1111	P02-1053	0.011049723756906077 0.011049723756906077 0.0 0.0 0.011049723756906077 0.0	1
C08-1135	P02-1053	0.013605442176870748 0.02040816326530612 0.0 0.0 0.0 0.0	1
D08-1058	P02-1053	0.005747126436781609 0.005747126436781609 0.0 0.0 0.0 0.0	1
I08-1040	P02-1053	0.015873015873015872 0.015873015873015872 0.0 0.0 0.010582010582010581 0.005291005291005291	1
P08-1034	P02-1053	0.011363636363636364 0.011363636363636364 0.0 0.0 0.011363636363636364 0.0	1
P08-1036	P02-1053	0.0045045045045045045 0.0045045045045045045 0.0 0.0 0.0045045045045045045 0.0	1
D09-1017	P02-1053	0.004366812227074236 0.004366812227074236 0.0 0.0 0.004366812227074236 0.0	1
D09-1019	P02-1053	0.005797101449275362 0.005797101449275362 0.0 0.0 0.005797101449275362 0.0	1
D09-1020	P02-1053	0.004016064257028112 0.004016064257028112 0.0 0.0 0.004016064257028112 0.004016064257028112	1
D09-1061	P02-1053	0.004347826086956522 0.004347826086956522 0.0 0.0 0.0 0.004347826086956522	1
D09-1063	P02-1053	0.004761904761904762 0.05714285714285714 0.0 0.0 0.004761904761904762 0.0	1
E09-1004	P02-1053	0.004098360655737705 0.004098360655737705 0.0 0.0 0.004098360655737705 0.0	1
N09-1001	P02-1053	0.0 0.005076142131979695 0.0 0.0 0.0 0.0	1
N09-1002	P02-1053	0.004405286343612335 0.004405286343612335 0.0 0.0 0.004405286343612335 0.0	1
N09-1055	P02-1053	0.007633587786259542 0.015267175572519083 0.0 0.0 0.007633587786259542 0.0	0
N09-1056	P02-1053	0.00392156862745098 0.00392156862745098 0.0 0.0 0.00392156862745098 0.0	1
N09-2046	P02-1053	0.011764705882352941 0.011764705882352941 0.0 0.0 0.011764705882352941 0.0	1
N09-3013	P02-1053	0.008333333333333333 0.008333333333333333 0.0 0.0 0.008333333333333333 0.008333333333333333	1
P09-1027	P02-1053	0.005235602094240838 0.005235602094240838 0.0 0.0 0.0 0.0	1
P09-1028	P02-1053	0.005235602094240838 0.005235602094240838 0.0 0.0 0.005235602094240838 0.0	1
P09-1079	P02-1053	0.004048582995951417 0.004048582995951417 0.0 0.0 0.0 0.004048582995951417	1
P09-2041	P02-1053	0.0125 0.0125 0.0 0.0 0.0125 0.0	1
P09-2043	P02-1053	0.009259259259259259 0.009259259259259259 0.0 0.0 0.009259259259259259 0.0	1
W09-1606	P02-1053	0.0056179775280898875 0.0056179775280898875 0.0 0.0 0.0 0.0	1
W09-1703	P02-1053	0.010638297872340425 0.010638297872340425 0.0 0.0 0.010638297872340425 0.0	1
W09-1904	P02-1053	0.005494505494505495 0.005494505494505495 0.0 0.0 0.005494505494505495 0.0	1
W04-0303	P04-1015	0.075 0.125 0.0 0.0 0.05 0.025	1
H05-1102	P04-1015	0.005449591280653951 0.021798365122615803 0.0 0.0 0.005449591280653951 0.0	1
P05-1012	P04-1015	0.019704433497536946 0.10837438423645321 0.0 0.0 0.009852216748768473 0.0	0
P05-1023	P04-1015	0.01694915254237288 0.04519774011299435 0.0 0.0 0.01694915254237288 0.0	1
W05-1505	P04-1015	0.015151515151515152 0.13636363636363635 0.0 0.0 0.015151515151515152 0.0	1
W05-1515	P04-1015	0.016666666666666666 0.04583333333333333 0.0 0.0 0.008333333333333333 0.0	1
E06-1011	P04-1015	0.005050505050505051 0.020202020202020204 0.0 0.0 0.005050505050505051 0.0	1
N06-1045	P04-1015	0.006024096385542169 0.006024096385542169 0.0 0.0 0.0 0.0	1
P06-1096	P04-1015	0.004629629629629629 0.009259259259259259 0.0 0.0 0.004629629629629629 0.0	1
P06-1110	P04-1015	0.021551724137931036 0.04741379310344827 0.0 0.0 0.01293103448275862 0.004310344827586207	0
W06-1628	P04-1015	0.0070921985815602835 0.028368794326241134 0.0 0.0 0.0070921985815602835 0.0035460992907801418	1
W06-2936	P04-1015	0.02040816326530612 0.02040816326530612 0.0 0.0 0.02040816326530612 0.0	1
W06-3603	P04-1015	0.009174311926605505 0.022935779816513763 0.0 0.0 0.009174311926605505 0.0045871559633027525	1
D07-1009	P04-1015	0.0040650406504065045 0.016260162601626018 0.0 0.0 0.0040650406504065045 0.0	1
D07-1033	P04-1015	0.015706806282722512 0.07853403141361257 0.0 0.0 0.010471204188481676 0.002617801047120419	0
D07-1129	P04-1015	0.021505376344086023 0.021505376344086023 0.0 0.0 0.021505376344086023 0.0	1
N07-1011	P04-1015	0.005319148936170213 0.005319148936170213 0.0 0.0 0.0 0.0	1
P07-1069	P04-1015	0.013953488372093023 0.018604651162790697 0.0 0.0 0.009302325581395349 0.0	1
P07-1096	P04-1015	0.018867924528301886 0.04716981132075472 0.0 0.0 0.018867924528301886 0.0047169811320754715	1
P07-1106	P04-1015	0.005319148936170213 0.047872340425531915 0.0 0.0 0.0 0.0	1
W07-1202	P04-1015	0.015306122448979591 0.05612244897959184 0.0 0.0 0.01020408163265306 0.0	0
W07-2211	P04-1015	0.004219409282700422 0.02531645569620253 0.0 0.0 0.0 0.0	1
C08-2012	P04-1015	0.008547008547008548 0.008547008547008548 0.0 0.0 0.008547008547008548 0.008547008547008548	1
D08-1052	P04-1015	0.01282051282051282 0.029914529914529916 0.0 0.0 0.01282051282051282 0.004273504273504274	1
D08-1059	P04-1015	0.0111731843575419 0.0335195530726257 0.0 0.0 0.00558659217877095 0.0	1
W08-2129	P04-1015	0.006993006993006993 0.006993006993006993 0.0 0.0 0.0 0.0	1
D09-1034	P04-1015	0.0045871559633027525 0.009174311926605505 0.0 0.0 0.0045871559633027525 0.0	1
D09-1043	P04-1015	0.006097560975609756 0.018292682926829267 0.0 0.0 0.0 0.0	1
D09-1127	P04-1015	0.009708737864077669 0.02912621359223301 0.0 0.0 0.0 0.0	1
P09-1032	P04-1015	0.006756756756756757 0.013513513513513514 0.0 0.0 0.006756756756756757 0.0	1
P09-1059	P04-1015	0.006578947368421052 0.02631578947368421 0.0 0.0 0.006578947368421052 0.0	1
P09-2011	P04-1015	0.058823529411764705 0.10084033613445378 0.0 0.0 0.03361344537815126 0.01680672268907563	0
W09-0508	P04-1015	0.016574585635359115 0.027624309392265192 0.0 0.0 0.0055248618784530384 0.0	1
H05-1042	P04-1035	0.004366812227074236 0.004366812227074236 0.0 0.0 0.004366812227074236 0.004366812227074236	1
H05-1044	P04-1035	0.005076142131979695 0.005076142131979695 0.0 0.0 0.005076142131979695 0.0	1
H05-1045	P04-1035	0.011049723756906077 0.011049723756906077 0.0 0.0 0.0 0.0055248618784530384	1
H05-1073	P04-1035	0.0 0.0053475935828877 0.0 0.0 0.0 0.0	1
H05-1115	P04-1035	0.0048543689320388345 0.0048543689320388345 0.0 0.0 0.0048543689320388345 0.0	1
H05-1116	P04-1035	0.00851063829787234 0.00851063829787234 0.0 0.0 0.0 0.00425531914893617	1
I05-2030	P04-1035	0.006896551724137931 0.006896551724137931 0.0 0.0 0.006896551724137931 0.0	1
P05-1015	P04-1035	0.010526315789473684 0.031578947368421054 0.0 0.0 0.0 0.0	1
P05-2008	P04-1035	0.006535947712418301 0.0392156862745098 0.0 0.0 0.0 0.0	1
W05-0408	P04-1035	0.028735632183908046 0.028735632183908046 0.0 0.0 0.0 0.0	0
E06-1025	P04-1035	0.011976047904191617 0.011976047904191617 0.0 0.0 0.011976047904191617 0.0	1
N06-1027	P04-1035	0.004878048780487805 0.004878048780487805 0.0 0.0 0.004878048780487805 0.0	1
P06-1133	P04-1035	0.0037174721189591076 0.01486988847583643 0.0 0.0 0.0037174721189591076 0.0	1
P06-1134	P04-1035	0.005154639175257732 0.005154639175257732 0.0 0.0 0.005154639175257732 0.005154639175257732	1
P06-2079	P04-1035	0.021551724137931036 0.08620689655172414 0.0 0.0 0.0 0.0	0
W06-0302	P04-1035	0.011363636363636364 0.011363636363636364 0.0 0.0 0.0 0.0	1
W06-0303	P04-1035	0.010869565217391304 0.010869565217391304 0.0 0.0 0.010869565217391304 0.005434782608695652	1
W06-0304	P04-1035	0.009900990099009901 0.009900990099009901 0.0 0.0 0.009900990099009901 0.0049504950495049506	1
W06-1639	P04-1035	0.005780346820809248 0.04046242774566474 0.0 0.0 0.005780346820809248 0.0	1
W06-1640	P04-1035	0.004761904761904762 0.009523809523809525 0.0 0.0 0.0 0.0	1
W06-1642	P04-1035	0.004 0.004 0.0 0.0 0.004 0.004	1
W06-1652	P04-1035	0.010582010582010581 0.015873015873015872 0.0 0.0 0.010582010582010581 0.0	1
D07-1035	P04-1035	0.007246376811594203 0.010869565217391304 0.0 0.0 0.0036231884057971015 0.0	1
N07-1013	P04-1035	0.00392156862745098 0.00392156862745098 0.0 0.0 0.00392156862745098 0.0	1
N07-1026	P04-1035	0.005235602094240838 0.005235602094240838 0.0 0.0 0.005235602094240838 0.0	1
N07-1033	P04-1035	0.008771929824561403 0.021929824561403508 0.0 0.0 0.0043859649122807015 0.0	0
N07-1039	P04-1035	0.02127659574468085 0.02127659574468085 0.0 0.0 0.02127659574468085 0.02127659574468085	1
P07-1053	P04-1035	0.0049504950495049506 0.0049504950495049506 0.0 0.0 0.0049504950495049506 0.0049504950495049506	1
P07-1055	P04-1035	0.03255813953488372 0.037209302325581395 0.0 0.0 0.009302325581395349 0.009302325581395349	0
P07-1123	P04-1035	0.010309278350515464 0.020618556701030927 0.0 0.0 0.010309278350515464 0.0	1
P07-3007	P04-1035	0.015625 0.015625 0.0 0.0 0.0 0.0	1
W07-2013	P04-1035	0.00819672131147541 0.00819672131147541 0.0 0.0 0.00819672131147541 0.0	1
W07-2022	P04-1035	0.02702702702702703 0.02702702702702703 0.0 0.0 0.02702702702702703 0.0	1
C08-1101	P04-1035	0.00423728813559322 0.00423728813559322 0.0 0.0 0.00423728813559322 0.00423728813559322	1
C08-1104	P04-1035	0.00980392156862745 0.00980392156862745 0.0 0.0 0.004901960784313725 0.004901960784313725	1
C08-1135	P04-1035	0.006802721088435374 0.034013605442176874 0.0 0.0 0.0 0.0	1
C08-2004	P04-1035	0.012987012987012988 0.012987012987012988 0.0 0.0 0.012987012987012988 0.0	1
D08-1004	P04-1035	0.01107011070110701 0.01107011070110701 0.0 0.0 0.0036900369003690036 0.0	1
D08-1058	P04-1035	0.005747126436781609 0.005747126436781609 0.0 0.0 0.005747126436781609 0.0	1
I08-1039	P04-1035	0.010050251256281407 0.020100502512562814 0.0 0.0 0.005025125628140704 0.005025125628140704	1
I08-1040	P04-1035	0.005291005291005291 0.026455026455026454 0.0 0.0 0.005291005291005291 0.0	1
I08-1041	P04-1035	0.007352941176470588 0.014705882352941176 0.0 0.0 0.007352941176470588 0.0	1
P08-1034	P04-1035	0.022727272727272728 0.03977272727272727 0.0 0.0 0.011363636363636364 0.0	1
P08-1041	P04-1035	0.00398406374501992 0.00398406374501992 0.0 0.0 0.00398406374501992 0.0	1
P08-2004	P04-1035	0.009345794392523364 0.009345794392523364 0.0 0.0 0.009345794392523364 0.0	1
W08-0122	P04-1035	0.0047169811320754715 0.0047169811320754715 0.0 0.0 0.0047169811320754715 0.0047169811320754715	1
D09-1017	P04-1035	0.008733624454148471 0.008733624454148471 0.0 0.0 0.008733624454148471 0.0	1
D09-1018	P04-1035	0.008658008658008658 0.008658008658008658 0.0 0.0 0.004329004329004329 0.0	1
D09-1020	P04-1035	0.004016064257028112 0.004016064257028112 0.0 0.0 0.004016064257028112 0.004016064257028112	1
E09-1004	P04-1035	0.004098360655737705 0.004098360655737705 0.0 0.0 0.004098360655737705 0.0	1
E09-1077	P04-1035	0.005 0.005 0.0 0.0 0.0 0.0	1
N09-1001	P04-1035	0.02030456852791878 0.030456852791878174 0.0 0.0 0.015228426395939087 0.0	1
N09-1002	P04-1035	0.004405286343612335 0.004405286343612335 0.0 0.0 0.004405286343612335 0.0	1
N09-1065	P04-1035	0.004830917874396135 0.004830917874396135 0.0 0.0 0.0 0.0	1
N09-3010	P04-1035	0.006369426751592357 0.006369426751592357 0.0 0.0 0.0 0.0	1
P09-1027	P04-1035	0.005235602094240838 0.005235602094240838 0.0 0.0 0.005235602094240838 0.0	1
P09-1028	P04-1035	0.005235602094240838 0.031413612565445025 0.0 0.0 0.0 0.005235602094240838	1
P09-1078	P04-1035	0.011695906432748537 0.023391812865497075 0.0 0.0 0.005847953216374269 0.0	1
P09-1079	P04-1035	0.004048582995951417 0.008097165991902834 0.0 0.0 0.0 0.0	1
W09-1606	P04-1035	0.011235955056179775 0.011235955056179775 0.0 0.0 0.0 0.0	1
W09-1904	P04-1035	0.005494505494505495 0.005494505494505495 0.0 0.0 0.005494505494505495 0.0	1
W09-2804	P04-1035	0.0049504950495049506 0.0049504950495049506 0.0 0.0 0.0 0.0	1
P04-1047	P04-1041	0.035 0.05 0.005 0.0 0.005 0.0	0
W04-2003	P04-1041	0.005076142131979695 0.005076142131979695 0.0 0.0 0.005076142131979695 0.0	1
J05-3003	P04-1041	0.02321083172147002 0.027079303675048357 0.0 0.0 0.005802707930367505 0.0	0
P05-1013	P04-1041	0.007518796992481203 0.007518796992481203 0.0 0.0 0.007518796992481203 0.007518796992481203	1
E06-1010	P04-1041	0.008403361344537815 0.008403361344537815 0.0 0.0 0.008403361344537815 0.0	1
N06-1019	P04-1041	0.006329113924050633 0.006329113924050633 0.0 0.0 0.006329113924050633 0.0	1
P06-1130	P04-1041	0.06432748538011696 0.07602339181286549 0.0 0.0 0.0 0.0	0
P06-2018	P04-1041	0.022099447513812154 0.027624309392265192 0.0 0.0 0.0055248618784530384 0.0	0
D07-1027	P04-1041	0.042105263157894736 0.04912280701754386 0.0 0.0 0.007017543859649123 0.007017543859649123	0
D07-1028	P04-1041	0.005434782608695652 0.09239130434782608 0.0 0.0 0.0 0.0	1
N07-2031	P04-1041	0.01 0.01 0.0 0.0 0.0 0.0	1
P07-1032	P04-1041	0.005555555555555556 0.005555555555555556 0.0 0.0 0.005555555555555556 0.0	1
W07-0411	P04-1041	0.01935483870967742 0.01935483870967742 0.0 0.0 0.0 0.0	0
W07-0714	P04-1041	0.022556390977443608 0.022556390977443608 0.0 0.0 0.0 0.0	0
W07-2206	P04-1041	0.004784688995215311 0.004784688995215311 0.0 0.0 0.004784688995215311 0.0	1
W07-2211	P04-1041	0.004219409282700422 0.004219409282700422 0.0 0.0 0.0 0.0	1
C08-1038	P04-1041	0.014084507042253521 0.06338028169014084 0.0 0.0 0.007042253521126761 0.0	1
W08-1122	P04-1041	0.02247191011235955 0.06741573033707865 0.0 0.0 0.0 0.0	1
W08-1306	P04-1041	0.006993006993006993 0.006993006993006993 0.0 0.0 0.0 0.0	1
D09-1085	P04-1041	0.01015228426395939 0.015228426395939087 0.0 0.0 0.005076142131979695 0.0	1
W09-2605	P04-1041	0.0045045045045045045 0.0045045045045045045 0.0 0.0 0.0 0.0	1
N06-1054	P05-1045	0.012048192771084338 0.012048192771084338 0.0 0.0 0.004016064257028112 0.0	1
P06-1059	P05-1045	0.01694915254237288 0.03389830508474576 0.0 0.0 0.0 0.0	1
P06-1089	P05-1045	0.018779342723004695 0.018779342723004695 0.0 0.0 0.004694835680751174 0.009389671361502348	0
P06-1141	P05-1045	0.06857142857142857 0.07428571428571429 0.0 0.0 0.022857142857142857 0.017142857142857144	0
P06-2054	P05-1045	0.0038022813688212928 0.0076045627376425855 0.0 0.0 0.0038022813688212928 0.0038022813688212928	1
W06-1643	P05-1045	0.0053475935828877 0.0053475935828877 0.0 0.0 0.0053475935828877 0.0	1
W06-1655	P05-1045	0.006756756756756757 0.006756756756756757 0.0 0.0 0.006756756756756757 0.006756756756756757	1
D07-1033	P05-1045	0.02356020942408377 0.02617801047120419 0.0 0.0 0.013089005235602094 0.002617801047120419	0
W07-2058	P05-1045	0.009174311926605505 0.009174311926605505 0.0 0.0 0.0 0.0	1
C08-1061	P05-1045	0.003367003367003367 0.006734006734006734 0.0 0.0 0.0 0.0	1
I08-4013	P05-1045	0.012345679012345678 0.012345679012345678 0.0 0.0 0.012345679012345678 0.0	1
I08-6004	P05-1045	0.006172839506172839 0.006172839506172839 0.0 0.0 0.0 0.006172839506172839	1
P08-4003	P05-1045	0.02 0.02 0.0 0.0 0.02 0.0	1
D09-1016	P05-1045	0.008130081300813009 0.008130081300813009 0.0040650406504065045 0.0 0.0 0.0	1
D09-1057	P05-1045	0.00966183574879227 0.00966183574879227 0.0 0.0 0.0 0.0	1
D09-1101	P05-1045	0.0041841004184100415 0.0041841004184100415 0.0 0.0 0.0 0.0	1
D09-1119	P05-1045	0.003875968992248062 0.003875968992248062 0.0 0.0 0.003875968992248062 0.0	1
D09-1120	P05-1045	0.0049261083743842365 0.024630541871921183 0.0049261083743842365 0.0 0.0 0.0	1
D09-1158	P05-1045	0.004347826086956522 0.008695652173913044 0.0 0.0 0.0 0.0	1
E09-1007	P05-1045	0.004608294930875576 0.004608294930875576 0.0 0.0 0.004608294930875576 0.0	1
E09-1011	P05-1045	0.004524886877828055 0.004524886877828055 0.0 0.0 0.004524886877828055 0.0	1
E09-1037	P05-1045	0.004524886877828055 0.004524886877828055 0.0 0.0 0.004524886877828055 0.0	1
E09-1091	P05-1045	0.0053475935828877 0.0053475935828877 0.0 0.0 0.0 0.0	1
N09-1037	P05-1045	0.004975124378109453 0.029850746268656716 0.0 0.0 0.0 0.0	1
N09-1068	P05-1045	0.0045871559633027525 0.027522935779816515 0.0 0.0 0.0 0.0	1
P09-1113	P05-1045	0.0056179775280898875 0.0056179775280898875 0.0 0.0 0.0 0.0	1
P09-2041	P05-1045	0.0125 0.0125 0.0 0.0 0.0 0.0	1
W09-0422	P05-1045	0.010309278350515464 0.010309278350515464 0.0 0.0 0.0 0.0	1
W09-1119	P05-1045	0.008928571428571428 0.008928571428571428 0.0 0.0 0.004464285714285714 0.0	1
W09-1218	P05-1045	0.007194244604316547 0.007194244604316547 0.0 0.0 0.007194244604316547 0.0	1
C08-1003	P07-1033	0.009852216748768473 0.0 0.0 0.0 0.0 0.0	1
C08-1015	P07-1033	0.004032258064516129 0.0 0.0 0.0 0.0 0.0	1
C08-1059	P07-1033	0.004405286343612335 0.0 0.0 0.0 0.0 0.0	1
D08-1105	P07-1033	0.019230769230769232 0.0 0.0 0.0 0.0 0.01282051282051282	0
I08-2097	P07-1033	0.006211180124223602 0.0 0.0 0.0 0.0 0.0	1
P08-1029	P07-1033	0.0125 0.0 0.0 0.0 0.00625 0.0	1
D09-1086	P07-1033	0.0 0.0 0.0 0.0 0.0 0.0	1
D09-1158	P07-1033	0.008695652173913044 0.0 0.0 0.004347826086956522 0.004347826086956522 0.0	0
E09-1006	P07-1033	0.0136986301369863 0.0 0.0 0.0 0.0 0.0	1
E09-3005	P07-1033	0.027649769585253458 0.0 0.0 0.0 0.018433179723502304 0.0	1
N09-1032	P07-1033	0.004048582995951417 0.0 0.0 0.0 0.0 0.0	1
N09-1068	P07-1033	0.04128440366972477 0.0 0.0 0.0045871559633027525 0.0045871559633027525 0.0045871559633027525	0
P09-1056	P07-1033	0.004629629629629629 0.0 0.0 0.0 0.004629629629629629 0.0	1
P09-1059	P07-1033	0.019736842105263157 0.0 0.0 0.0 0.013157894736842105 0.0	1
P09-1087	P07-1033	0.004761904761904762 0.0 0.0 0.0 0.0 0.0	1
P09-1114	P07-1033	0.014778325123152709 0.0 0.0 0.0 0.009852216748768473 0.0	1
P09-2079	P07-1033	0.0125 0.0 0.0 0.0 0.0 0.0125	1
W09-2420	P07-1033	0.008547008547008548 0.0 0.0 0.0 0.0 0.0	1
E91-1038	P90-1034	0.0 0.00819672131147541 0.0 0.0 0.0 0.0	1
P91-1017	P90-1034	0.014423076923076924 0.014423076923076924 0.0 0.0 0.009615384615384616 0.0	1
P91-1027	P90-1034	0.015957446808510637 0.026595744680851064 0.0 0.0 0.005319148936170213 0.0	1
A92-1013	P90-1034	0.017777777777777778 0.04888888888888889 0.0 0.0 0.013333333333333334 0.0	0
C92-2082	P90-1034	0.004975124378109453 0.004975124378109453 0.0 0.0 0.004975124378109453 0.0	1
P92-1028	P90-1034	0.006042296072507553 0.015105740181268883 0.0 0.0 0.0030211480362537764 0.0	1
H93-1049	P90-1034	0.0189873417721519 0.0189873417721519 0.0 0.0 0.0 0.0	1
J93-2002	P90-1034	0.005555555555555556 0.011111111111111112 0.0 0.0 0.005555555555555556 0.0	1
J93-2005	P90-1034	0.009779951100244499 0.017114914425427872 0.0 0.0 0.0024449877750611247 0.0024449877750611247	0
P93-1022	P90-1034	0.011235955056179775 0.011235955056179775 0.0 0.0 0.0056179775280898875 0.0	1
P93-1024	P90-1034	0.006666666666666667 0.02666666666666667 0.0 0.0 0.0 0.0	0
W93-0107	P90-1034	0.00558659217877095 0.00558659217877095 0.0 0.0 0.0 0.0	0
W93-0113	P90-1034	0.010101010101010102 0.020202020202020204 0.0 0.0 0.0 0.0	1
A94-1011	P90-1034	0.006369426751592357 0.006369426751592357 0.0 0.0 0.006369426751592357 0.0	1
C94-1074	P90-1034	0.003816793893129771 0.003816793893129771 0.0 0.0 0.003816793893129771 0.003816793893129771	1
J94-4003	P90-1034	0.004149377593360996 0.005532503457814661 0.0 0.0 0.0027662517289073307 0.0	1
P94-1032	P90-1034	0.003952569169960474 0.007905138339920948 0.0 0.0 0.003952569169960474 0.0	1
C96-1003	P90-1034	0.00510204081632653 0.00510204081632653 0.0 0.0 0.00510204081632653 0.0	1
C96-1083	P90-1034	0.03937007874015748 0.06299212598425197 0.0 0.0 0.007874015748031496 0.007874015748031496	0
C96-2205	P90-1034	0.016129032258064516 0.016129032258064516 0.0 0.0 0.0 0.0	0
P97-1066	P90-1034	0.02666666666666667 0.02666666666666667 0.0 0.0 0.02666666666666667 0.0	1
W97-0205	P90-1034	0.005988023952095809 0.005988023952095809 0.0 0.0 0.005988023952095809 0.0	1
W97-0803	P90-1034	0.013452914798206279 0.013452914798206279 0.0 0.0 0.0 0.0	1
C98-2122	P90-1034	0.03669724770642202 0.08256880733944955 0.0 0.0 0.009174311926605505 0.0	0
J98-4002	P90-1034	0.002583979328165375 0.002583979328165375 0.0 0.0 0.0 0.0	1
W98-0704	P90-1034	0.007874015748031496 0.015748031496062992 0.0 0.0 0.0 0.0	0
E99-1013	P90-1034	0.012987012987012988 0.01948051948051948 0.0 0.0 0.006493506493506494 0.0	1
P99-1004	P90-1034	0.004016064257028112 0.008032128514056224 0.0 0.0 0.004016064257028112 0.0	1
C00-2104	P90-1034	0.0037313432835820895 0.007462686567164179 0.0 0.0 0.0 0.0	1
W02-1107	P90-1034	0.007575757575757576 0.007575757575757576 0.0 0.0 0.007575757575757576 0.0	1
N03-1015	P90-1034	0.0051813471502590676 0.0051813471502590676 0.0 0.0 0.0051813471502590676 0.0	1
N03-4011	P90-1034	0.025 0.025 0.0 0.0 0.025 0.025	1
W03-1610	P90-1034	0.005376344086021506 0.005376344086021506 0.0 0.0 0.005376344086021506 0.0	1
C04-1036	P90-1034	0.012658227848101266 0.012658227848101266 0.0 0.0 0.012658227848101266 0.0	1
C04-1111	P90-1034	0.006711409395973154 0.006711409395973154 0.0 0.0 0.0 0.0	1
C04-1116	P90-1034	0.012903225806451613 0.012903225806451613 0.0 0.0 0.012903225806451613 0.0064516129032258064	1
C04-1165	P90-1034	0.005988023952095809 0.005988023952095809 0.0 0.0 0.0 0.0	1
J04-3002	P90-1034	0.0016286644951140066 0.0016286644951140066 0.0 0.0 0.0016286644951140066 0.0016286644951140066	1
N04-1041	P90-1034	0.00510204081632653 0.00510204081632653 0.0 0.0 0.00510204081632653 0.00510204081632653	1
W04-1216	P90-1034	0.01 0.01 0.0 0.0 0.01 0.0	1
J05-4002	P90-1034	0.005836575875486381 0.013618677042801557 0.0 0.0 0.0038910505836575876 0.0	1
P05-1016	P90-1034	0.004784688995215311 0.004784688995215311 0.0 0.0 0.004784688995215311 0.0	1
P05-1077	P90-1034	0.004329004329004329 0.004329004329004329 0.0 0.0 0.004329004329004329 0.0	1
W05-1504	P90-1034	0.0029069767441860465 0.0029069767441860465 0.0 0.0 0.0029069767441860465 0.0	1
W05-1516	P90-1034	0.005847953216374269 0.005847953216374269 0.0 0.0 0.005847953216374269 0.0	1
P06-1015	P90-1034	0.005263157894736842 0.005263157894736842 0.0 0.0 0.005263157894736842 0.0	1
P06-1045	P90-1034	0.015151515151515152 0.015151515151515152 0.0 0.0 0.007575757575757576 0.0	1
P06-1072	P90-1034	0.004672897196261682 0.004672897196261682 0.0 0.0 0.0 0.0	1
P06-1100	P90-1034	0.005434782608695652 0.005434782608695652 0.0 0.0 0.005434782608695652 0.0	1
P06-1101	P90-1034	0.007194244604316547 0.007194244604316547 0.0 0.0 0.0 0.0	1
P06-1102	P90-1034	0.005952380952380952 0.005952380952380952 0.0 0.0 0.005952380952380952 0.0	1
P06-1116	P90-1034	0.004464285714285714 0.008928571428571428 0.0 0.0 0.004464285714285714 0.0	1
W06-2904	P90-1034	0.006211180124223602 0.006211180124223602 0.0 0.0 0.006211180124223602 0.0	1
N07-1016	P90-1034	0.0038461538461538464 0.0038461538461538464 0.0 0.0 0.0 0.0	1
P07-1028	P90-1034	0.005376344086021506 0.026881720430107527 0.0 0.0 0.0 0.0	1
P07-1057	P90-1034	0.005 0.005 0.0 0.0 0.0 0.005	1
C08-1051	P90-1034	0.005208333333333333 0.005208333333333333 0.0 0.0 0.005208333333333333 0.0	1
I08-1060	P90-1034	0.006172839506172839 0.006172839506172839 0.0 0.0 0.006172839506172839 0.0	1
I08-1072	P90-1034	0.008695652173913044 0.008695652173913044 0.0 0.0 0.008695652173913044 0.0	1
P08-1002	P90-1034	0.00398406374501992 0.00398406374501992 0.0 0.0 0.00398406374501992 0.0	1
P08-2008	P90-1034	0.011904761904761904 0.011904761904761904 0.0 0.0 0.0 0.0	1
P08-3001	P90-1034	0.007692307692307693 0.007692307692307693 0.0 0.0 0.007692307692307693 0.0	1
E09-1086	P90-1034	0.0045871559633027525 0.0045871559633027525 0.0 0.0 0.0 0.0	1
N09-3007	P90-1034	0.006134969325153374 0.006134969325153374 0.0 0.0 0.0 0.0	1
P09-1052	P90-1034	0.004132231404958678 0.004132231404958678 0.0 0.0 0.004132231404958678 0.0	1
P09-2018	P90-1034	0.010752688172043012 0.010752688172043012 0.0 0.0 0.010752688172043012 0.010752688172043012	1
W03-0404	W02-1011	0.008849557522123894 0.008849557522123894 0.0 0.0 0.004424778761061947 0.0	1
W03-1014	W02-1011	0.009478672985781991 0.009478672985781991 0.0 0.0 0.004739336492890996 0.0	1
W03-1017	W02-1011	0.01875 0.01875 0.0 0.0 0.00625 0.0	1
C04-1071	W02-1011	0.0045871559633027525 0.0045871559633027525 0.0 0.0 0.0045871559633027525 0.0045871559633027525	1
C04-1200	W02-1011	0.006493506493506494 0.006493506493506494 0.0 0.0 0.006493506493506494 0.0	1
J04-3002	W02-1011	0.003257328990228013 0.003257328990228013 0.0 0.0 0.003257328990228013 0.0	1
P04-1034	W02-1011	0.011428571428571429 0.03428571428571429 0.0 0.0 0.0 0.0	1
P04-3025	W02-1011	0.025974025974025976 0.025974025974025976 0.0 0.0 0.0 0.025974025974025976	1
W04-0509	W02-1011	0.008658008658008658 0.012987012987012988 0.0 0.0 0.0 0.0	1
H05-1043	W02-1011	0.00411522633744856 0.00411522633744856 0.0 0.0 0.00411522633744856 0.0	1
H05-1045	W02-1011	0.0055248618784530384 0.011049723756906077 0.0 0.0 0.0 0.0055248618784530384	1
W05-0408	W02-1011	0.017241379310344827 0.028735632183908046 0.0 0.0 0.0 0.0	1
N06-3005	W02-1011	0.0136986301369863 0.0136986301369863 0.0 0.0 0.0136986301369863 0.0	1
P06-1133	W02-1011	0.0037174721189591076 0.01486988847583643 0.0 0.0 0.0037174721189591076 0.0	1
P06-2059	W02-1011	0.01384083044982699 0.01384083044982699 0.0 0.0 0.0034602076124567475 0.006920415224913495	0
P06-2063	W02-1011	0.0037593984962406013 0.007518796992481203 0.0 0.0 0.0037593984962406013 0.0037593984962406013	1
P06-2079	W02-1011	0.02586206896551724 0.08620689655172414 0.0 0.0 0.0 0.0	0
P06-2081	W02-1011	0.014150943396226415 0.02830188679245283 0.0 0.0 0.0047169811320754715 0.0	1
W06-0301	W02-1011	0.00558659217877095 0.00558659217877095 0.0 0.0 0.00558659217877095 0.00558659217877095	1
W06-0305	W02-1011	0.005649717514124294 0.005649717514124294 0.0 0.0 0.005649717514124294 0.005649717514124294	1
W06-0306	W02-1011	0.005291005291005291 0.005291005291005291 0.0 0.0 0.005291005291005291 0.0	1
W06-1639	W02-1011	0.011560693641618497 0.04046242774566474 0.0 0.0 0.005780346820809248 0.0	1
W06-1641	W02-1011	0.008695652173913044 0.008695652173913044 0.0 0.0 0.008695652173913044 0.0	1
W06-1652	W02-1011	0.010582010582010581 0.015873015873015872 0.0 0.0 0.005291005291005291 0.0	1
W06-2915	W02-1011	0.013333333333333334 0.013333333333333334 0.0 0.0 0.013333333333333334 0.0	1
D07-1035	W02-1011	0.007246376811594203 0.010869565217391304 0.0 0.0 0.0036231884057971015 0.0036231884057971015	1
D07-1114	W02-1011	0.00425531914893617 0.00425531914893617 0.0 0.0 0.00425531914893617 0.0	1
N07-1033	W02-1011	0.008771929824561403 0.021929824561403508 0.0 0.0 0.0043859649122807015 0.0	1
N07-1038	W02-1011	0.014084507042253521 0.023474178403755867 0.0 0.0 0.009389671361502348 0.004694835680751174	1
N07-1039	W02-1011	0.02127659574468085 0.02127659574468085 0.0 0.0 0.02127659574468085 0.02127659574468085	1
P07-1053	W02-1011	0.0049504950495049506 0.0049504950495049506 0.0 0.0 0.0049504950495049506 0.0049504950495049506	1
P07-1055	W02-1011	0.009302325581395349 0.037209302325581395 0.0 0.0 0.009302325581395349 0.004651162790697674	1
P07-1056	W02-1011	0.01951219512195122 0.024390243902439025 0.0 0.0 0.004878048780487805 0.0	0
P07-1123	W02-1011	0.015463917525773196 0.020618556701030927 0.0 0.0 0.010309278350515464 0.0	1
P07-2023	W02-1011	0.008928571428571428 0.008928571428571428 0.0 0.0 0.008928571428571428 0.0	1
P07-3012	W02-1011	0.006622516556291391 0.006622516556291391 0.0 0.0 0.006622516556291391 0.0	1
W07-1515	W02-1011	0.006369426751592357 0.006369426751592357 0.0 0.0 0.006369426751592357 0.0	1
C08-1031	W02-1011	0.006872852233676976 0.006872852233676976 0.0 0.0 0.006872852233676976 0.0	1
C08-1104	W02-1011	0.004901960784313725 0.00980392156862745 0.0 0.0 0.004901960784313725 0.004901960784313725	1
C08-1111	W02-1011	0.0055248618784530384 0.0055248618784530384 0.0 0.0 0.0055248618784530384 0.0	1
D08-1004	W02-1011	0.0036900369003690036 0.01107011070110701 0.0 0.0 0.0036900369003690036 0.0	1
D08-1058	W02-1011	0.005747126436781609 0.005747126436781609 0.0 0.0 0.005747126436781609 0.0	1
I08-1039	W02-1011	0.010050251256281407 0.020100502512562814 0.0 0.0 0.010050251256281407 0.010050251256281407	1
I08-1040	W02-1011	0.010582010582010581 0.026455026455026454 0.0 0.0 0.010582010582010581 0.005291005291005291	1
I08-1041	W02-1011	0.014705882352941176 0.014705882352941176 0.0 0.0 0.014705882352941176 0.0	1
L08-1616	W02-1011	0.0 0.0 0.0 0.0 0.0 0.0	1
P08-1034	W02-1011	0.011363636363636364 0.03977272727272727 0.0 0.0 0.005681818181818182 0.0	1
P08-1036	W02-1011	0.0045045045045045045 0.0045045045045045045 0.0 0.0 0.0045045045045045045 0.0	1
P08-2034	W02-1011	0.018691588785046728 0.018691588785046728 0.0 0.0 0.009345794392523364 0.0	1
P08-2065	W02-1011	0.03488372093023256 0.03488372093023256 0.0 0.0 0.0 0.0	1
D09-1017	W02-1011	0.004366812227074236 0.008733624454148471 0.0 0.0 0.004366812227074236 0.0	1
D09-1019	W02-1011	0.005797101449275362 0.008695652173913044 0.0 0.0 0.005797101449275362 0.0	1
D09-1061	W02-1011	0.008695652173913044 0.008695652173913044 0.0 0.0 0.004347826086956522 0.0	1
D09-1159	W02-1011	0.009345794392523364 0.009345794392523364 0.0 0.0 0.009345794392523364 0.004672897196261682	1
E09-1046	W02-1011	0.00546448087431694 0.00546448087431694 0.0 0.0 0.00546448087431694 0.0	1
N09-1001	W02-1011	0.015228426395939087 0.030456852791878174 0.0 0.0 0.015228426395939087 0.0	1
N09-1031	W02-1011	0.010869565217391304 0.010869565217391304 0.0 0.0 0.010869565217391304 0.0	1
N09-1055	W02-1011	0.007633587786259542 0.007633587786259542 0.0 0.0 0.007633587786259542 0.0	1
N09-1056	W02-1011	0.00392156862745098 0.023529411764705882 0.0 0.0 0.00392156862745098 0.0	1
N09-2046	W02-1011	0.011764705882352941 0.011764705882352941 0.0 0.0 0.011764705882352941 0.0	1
P09-1027	W02-1011	0.005235602094240838 0.005235602094240838 0.0 0.0 0.005235602094240838 0.0	1
P09-1028	W02-1011	0.020942408376963352 0.031413612565445025 0.0 0.0 0.005235602094240838 0.0	0
P09-1029	W02-1011	0.03398058252427184 0.043689320388349516 0.0 0.0 0.0 0.0	0
P09-1078	W02-1011	0.011695906432748537 0.023391812865497075 0.0 0.0 0.005847953216374269 0.0	1
P09-1079	W02-1011	0.004048582995951417 0.008097165991902834 0.0 0.0 0.004048582995951417 0.0	1
P09-1095	W02-1011	0.004608294930875576 0.004608294930875576 0.0 0.0 0.0 0.0	1
P09-2043	W02-1011	0.009259259259259259 0.009259259259259259 0.0 0.0 0.009259259259259259 0.0	1
P09-2080	W02-1011	0.009708737864077669 0.019417475728155338 0.0 0.0 0.0 0.0	1
P04-1077	W04-1013	0.00980392156862745 0.024509803921568627 0.0 0.0 0.0 0.004901960784313725	1
H05-1019	W04-1013	0.0446927374301676 0.055865921787709494 0.00558659217877095 0.0 0.0223463687150838 0.0	0
I05-2027	W04-1013	0.008620689655172414 0.034482758620689655 0.0 0.0 0.0 0.0	0
W05-0901	W04-1013	0.004545454545454545 0.022727272727272728 0.0 0.0 0.004545454545454545 0.0	0
W05-0907	W04-1013	0.022727272727272728 0.03787878787878788 0.007575757575757576 0.0 0.0 0.0	0
N06-2006	W04-1013	0.013888888888888888 0.027777777777777776 0.013888888888888888 0.0 0.0 0.0	1
P06-1139	W04-1013	0.004310344827586207 0.021551724137931036 0.0 0.0 0.0 0.0	1
P06-2078	W04-1013	0.04 0.05 0.015 0.0 0.005 0.005	0
P06-2109	W04-1013	0.008658008658008658 0.012987012987012988 0.004329004329004329 0.0 0.0 0.004329004329004329	1
W06-0707	W04-1013	0.006289308176100629 0.012578616352201259 0.0 0.0 0.0 0.0	1
W06-1401	W04-1013	0.01639344262295082 0.03278688524590164 0.0 0.0 0.01639344262295082 0.0	1
W06-1643	W04-1013	0.0106951871657754 0.026737967914438502 0.0053475935828877 0.0 0.0106951871657754 0.0	0
N07-1005	W04-1013	0.015384615384615385 0.020512820512820513 0.005128205128205128 0.0 0.015384615384615385 0.0	1
P07-2049	W04-1013	0.011111111111111112 0.044444444444444446 0.0 0.0 0.0 0.0	1
W07-1411	W04-1013	0.007042253521126761 0.02112676056338028 0.0 0.0 0.0 0.0	1
C08-1019	W04-1013	0.012195121951219513 0.042682926829268296 0.006097560975609756 0.0 0.012195121951219513 0.0	0
C08-1023	W04-1013	0.005434782608695652 0.021739130434782608 0.005434782608695652 0.0 0.0 0.0	1
C08-2006	W04-1013	0.010101010101010102 0.020202020202020204 0.010101010101010102 0.0 0.0 0.0	1
D08-1032	W04-1013	0.027522935779816515 0.03669724770642202 0.009174311926605505 0.0 0.0 0.0	0
I08-1035	W04-1013	0.01092896174863388 0.01092896174863388 0.0 0.0 0.0 0.0	0
I08-1063	W04-1013	0.005780346820809248 0.005780346820809248 0.0 0.0 0.0 0.0	1
P08-1094	W04-1013	0.010416666666666666 0.026041666666666668 0.0 0.0 0.010416666666666666 0.0	1
P08-2003	W04-1013	0.013888888888888888 0.027777777777777776 0.013888888888888888 0.0 0.0 0.0	1
P08-2005	W04-1013	0.022222222222222223 0.044444444444444446 0.011111111111111112 0.0 0.0 0.0	1
P08-2051	W04-1013	0.03669724770642202 0.045871559633027525 0.01834862385321101 0.0 0.009174311926605505 0.0	0
P08-2052	W04-1013	0.011627906976744186 0.023255813953488372 0.0 0.0 0.0 0.0	1
W08-0127	W04-1013	0.004878048780487805 0.00975609756097561 0.0 0.0 0.004878048780487805 0.0	1
W08-1106	W04-1013	0.005076142131979695 0.025380710659898477 0.005076142131979695 0.0 0.0 0.0	1
W08-1113	W04-1013	0.006535947712418301 0.006535947712418301 0.0 0.0 0.006535947712418301 0.0	1
W08-1406	W04-1013	0.007633587786259542 0.007633587786259542 0.0 0.0 0.0 0.0	1
W08-1407	W04-1013	0.009615384615384616 0.009615384615384616 0.004807692307692308 0.0 0.004807692307692308 0.0	1
W08-1808	W04-1013	0.005714285714285714 0.005714285714285714 0.005714285714285714 0.0 0.005714285714285714 0.0	1
W08-2008	W04-1013	0.010869565217391304 0.010869565217391304 0.0 0.0 0.0 0.010869565217391304	1
D09-1132	W04-1013	0.008097165991902834 0.008097165991902834 0.004048582995951417 0.0 0.0 0.0	1
E09-1048	W04-1013	0.004629629629629629 0.013888888888888888 0.004629629629629629 0.0 0.0 0.0	0
E09-1089	W04-1013	0.012396694214876033 0.01652892561983471 0.004132231404958678 0.0 0.004132231404958678 0.0	1
N09-1041	W04-1013	0.014778325123152709 0.024630541871921183 0.0 0.0 0.0 0.0	1
N09-1066	W04-1013	0.013953488372093023 0.023255813953488372 0.0 0.0 0.009302325581395349 0.0	1
P09-1022	W04-1013	0.011299435028248588 0.022598870056497175 0.011299435028248588 0.0 0.005649717514124294 0.0	1
P09-1024	W04-1013	0.003816793893129771 0.007633587786259542 0.0 0.0 0.0 0.0	1
P09-1062	W04-1013	0.004807692307692308 0.014423076923076924 0.0 0.0 0.0 0.0	1
P09-1099	W04-1013	0.006666666666666667 0.006666666666666667 0.0 0.0 0.006666666666666667 0.0	1
P09-2025	W04-1013	0.011904761904761904 0.011904761904761904 0.0 0.0 0.0 0.0	0
P09-2027	W04-1013	0.01 0.01 0.01 0.0 0.0 0.0	1
P09-2066	W04-1013	0.008064516129032258 0.008064516129032258 0.0 0.0 0.0 0.0	1
P09-2083	W04-1013	0.02127659574468085 0.0425531914893617 0.010638297872340425 0.0 0.0 0.0	1
W09-1607	W04-1013	0.006134969325153374 0.04294478527607362 0.006134969325153374 0.0 0.0 0.0	1
W09-1802	W04-1013	0.004807692307692308 0.02403846153846154 0.0 0.0 0.0 0.0	1
W09-2804	W04-1013	0.0049504950495049506 0.0049504950495049506 0.0 0.0 0.0049504950495049506 0.0	1
W09-2806	W04-1013	0.024096385542168676 0.030120481927710843 0.006024096385542169 0.0 0.012048192771084338 0.006024096385542169	0
E06-1031	W05-0909	0.003424657534246575 0.00684931506849315 0.0 0.0 0.0 0.0	1
E06-1032	W05-0909	0.012987012987012988 0.012987012987012988 0.0 0.0 0.006493506493506494 0.0	1
N06-1058	W05-0909	0.004219409282700422 0.004219409282700422 0.0 0.0 0.004219409282700422 0.004219409282700422	1
P06-1002	W05-0909	0.005405405405405406 0.005405405405405406 0.0 0.0 0.005405405405405406 0.0	1
P06-2037	W05-0909	0.004878048780487805 0.004878048780487805 0.0 0.0 0.004878048780487805 0.0	1
P06-2070	W05-0909	0.00641025641025641 0.00641025641025641 0.0 0.0 0.00641025641025641 0.0	0
W06-3101	W05-0909	0.010752688172043012 0.010752688172043012 0.0 0.0 0.0 0.0	1
W06-3112	W05-0909	0.007352941176470588 0.007352941176470588 0.0 0.0 0.007352941176470588 0.0	1
W06-3126	W05-0909	0.011627906976744186 0.011627906976744186 0.0 0.0 0.011627906976744186 0.0	1
D07-1007	W05-0909	0.004901960784313725 0.004901960784313725 0.0 0.0 0.004901960784313725 0.0	1
D07-1055	W05-0909	0.005050505050505051 0.005050505050505051 0.0 0.0 0.005050505050505051 0.0	1
D07-1105	W05-0909	0.0036900369003690036 0.007380073800738007 0.0 0.0 0.0 0.0	1
N07-1005	W05-0909	0.015384615384615385 0.015384615384615385 0.005128205128205128 0.0 0.015384615384615385 0.0	1
N07-1006	W05-0909	0.006289308176100629 0.006289308176100629 0.0 0.0 0.0 0.0	1
P07-1038	W05-0909	0.004975124378109453 0.004975124378109453 0.0 0.0 0.0 0.0	1
P07-1040	W05-0909	0.004694835680751174 0.004694835680751174 0.0 0.0 0.0 0.0	0
P07-1111	W05-0909	0.005714285714285714 0.005714285714285714 0.0 0.0 0.005714285714285714 0.0	1
W07-0411	W05-0909	0.012903225806451613 0.012903225806451613 0.0 0.0 0.012903225806451613 0.0064516129032258064	0
W07-0704	W05-0909	0.005555555555555556 0.005555555555555556 0.0 0.0 0.0 0.0	1
W07-0707	W05-0909	0.003968253968253968 0.007936507936507936 0.0 0.0 0.0 0.0	1
W07-0714	W05-0909	0.015037593984962405 0.015037593984962405 0.0 0.0 0.015037593984962405 0.0	0
W07-0716	W05-0909	0.011976047904191617 0.011976047904191617 0.0 0.0 0.005988023952095809 0.005988023952095809	1
W07-0718	W05-0909	0.008368200836820083 0.008368200836820083 0.0 0.0 0.0041841004184100415 0.0	1
W07-0719	W05-0909	0.00423728813559322 0.00423728813559322 0.0 0.0 0.0 0.0	1
W07-0734	W05-0909	0.021052631578947368 0.021052631578947368 0.0 0.0 0.010526315789473684 0.010526315789473684	0
W07-0737	W05-0909	0.004366812227074236 0.004366812227074236 0.0 0.0 0.0 0.0	1
W07-0738	W05-0909	0.0038022813688212928 0.0038022813688212928 0.0 0.0 0.0 0.0	0
C08-1141	W05-0909	0.005434782608695652 0.005434782608695652 0.0 0.0 0.0 0.0	0
C08-3006	W05-0909	0.017241379310344827 0.017241379310344827 0.0 0.0 0.017241379310344827 0.0	1
D08-1064	W05-0909	0.020689655172413793 0.020689655172413793 0.0 0.0 0.020689655172413793 0.0	1
I08-1042	W05-0909	0.00625 0.00625 0.0 0.0 0.00625 0.0	1
P08-1007	W05-0909	0.022727272727272728 0.022727272727272728 0.005681818181818182 0.0 0.011363636363636364 0.005681818181818182	0
P08-1010	W05-0909	0.004901960784313725 0.004901960784313725 0.004901960784313725 0.0 0.004901960784313725 0.0	1
P08-3005	W05-0909	0.006369426751592357 0.006369426751592357 0.006369426751592357 0.0 0.006369426751592357 0.0	1
W08-0301	W05-0909	0.00510204081632653 0.00510204081632653 0.00510204081632653 0.0 0.0 0.0	0
W08-0302	W05-0909	0.0051813471502590676 0.0051813471502590676 0.0051813471502590676 0.0 0.0051813471502590676 0.0	1
W08-0305	W05-0909	0.004975124378109453 0.004975124378109453 0.004975124378109453 0.0 0.004975124378109453 0.004975124378109453	1
W08-0307	W05-0909	0.004484304932735426 0.004484304932735426 0.0 0.0 0.004484304932735426 0.0	1
W08-0312	W05-0909	0.023255813953488372 0.023255813953488372 0.0 0.0 0.023255813953488372 0.0	1
W08-0322	W05-0909	0.014492753623188406 0.014492753623188406 0.014492753623188406 0.0 0.014492753623188406 0.0	1
W08-0331	W05-0909	0.009900990099009901 0.009900990099009901 0.0 0.0 0.009900990099009901 0.0	1
W08-0334	W05-0909	0.0064516129032258064 0.0064516129032258064 0.0 0.0 0.0064516129032258064 0.0	1
W08-0913	W05-0909	0.005319148936170213 0.005319148936170213 0.0 0.0 0.005319148936170213 0.0	1
D09-1023	W05-0909	0.0038314176245210726 0.0038314176245210726 0.0 0.0 0.0038314176245210726 0.0	1
D09-1117	W05-0909	0.00625 0.00625 0.0 0.0 0.00625 0.0	1
E09-1063	W05-0909	0.0053475935828877 0.0053475935828877 0.0 0.0 0.0053475935828877 0.0	1
N09-1058	W05-0909	0.004366812227074236 0.004366812227074236 0.0 0.0 0.004366812227074236 0.0	1
P09-1022	W05-0909	0.005649717514124294 0.005649717514124294 0.0 0.0 0.0 0.0	1
P09-1034	W05-0909	0.007067137809187279 0.007067137809187279 0.0 0.0 0.0 0.0	0
P09-1035	W05-0909	0.01 0.01 0.0 0.0 0.0 0.0	0
W09-0403	W05-0909	0.012048192771084338 0.012048192771084338 0.0 0.0 0.0 0.0	1
W09-0404	W05-0909	0.006578947368421052 0.006578947368421052 0.0 0.0 0.006578947368421052 0.0	1
W09-0405	W05-0909	0.008547008547008548 0.008547008547008548 0.0 0.0 0.008547008547008548 0.0	1
W09-0408	W05-0909	0.007246376811594203 0.007246376811594203 0.0 0.0 0.0 0.0	1
W09-0418	W05-0909	0.012195121951219513 0.012195121951219513 0.0 0.0 0.012195121951219513 0.0	1
W09-0420	W05-0909	0.008849557522123894 0.008849557522123894 0.008849557522123894 0.0 0.008849557522123894 0.0	1
W09-2310	W05-0909	0.006622516556291391 0.006622516556291391 0.006622516556291391 0.0 0.0 0.0	1
W09-2404	W05-0909	0.007194244604316547 0.007194244604316547 0.0 0.0 0.007194244604316547 0.0	1
D07-1070	W06-1615	0.0022222222222222222 0.0044444444444444444 0.0 0.0 0.0 0.0	1
D07-1096	W06-1615	0.0025188916876574307 0.0025188916876574307 0.0 0.0 0.0 0.0	1
D07-1129	W06-1615	0.03225806451612903 0.03225806451612903 0.0 0.0 0.021505376344086023 0.0	0
N07-3002	W06-1615	0.014084507042253521 0.014084507042253521 0.0 0.0 0.0 0.0	1
P07-1034	W06-1615	0.019138755980861243 0.019138755980861243 0.0 0.0 0.009569377990430622 0.0	0
P07-1056	W06-1615	0.04390243902439024 0.05365853658536585 0.004878048780487805 0.0 0.00975609756097561 0.004878048780487805	0
W07-2202	W06-1615	0.003968253968253968 0.003968253968253968 0.0 0.0 0.0 0.0	1
P08-1029	W06-1615	0.00625 0.00625 0.0 0.0 0.00625 0.0	1
D09-1058	W06-1615	0.0047169811320754715 0.0047169811320754715 0.0 0.0 0.0047169811320754715 0.0	1
D09-1158	W06-1615	0.008695652173913044 0.008695652173913044 0.0 0.0 0.004347826086956522 0.0	0
E09-3005	W06-1615	0.11059907834101383 0.12442396313364056 0.009216589861751152 0.0 0.05069124423963134 0.0	0
N09-2046	W06-1615	0.03529411764705882 0.03529411764705882 0.011764705882352941 0.0 0.0 0.0	0
P09-1001	W06-1615	0.005319148936170213 0.005319148936170213 0.0 0.0 0.005319148936170213 0.0	1
P09-1056	W06-1615	0.018518518518518517 0.027777777777777776 0.0 0.0 0.004629629629629629 0.0	0
P09-1114	W06-1615	0.009852216748768473 0.009852216748768473 0.0 0.0 0.0049261083743842365 0.0	1
W09-2205	W06-1615	0.07874015748031496 0.07874015748031496 0.007874015748031496 0.0 0.03937007874015748 0.0	0
