J93-1002	A92-1018	1.0 1.0 0.0 0.0 0.0 1.0 0.0	1
P93-1003	A92-1018	1.0 1.0 0.0 0.0 0.0 0.0 1.0	1
A94-1008	A92-1018	3.0 3.0 0.0 1.0 0.0 1.0 0.0	0
A94-1009	A92-1018	5.0 8.0 0.0 0.0 0.0 0.0 1.0	0
A94-1027	A92-1018	1.0 1.0 0.0 0.0 0.0 0.0 0.0	1
C94-1027	A92-1018	7.0 7.0 1.0 1.0 0.0 3.0 0.0	0
J94-2001	A92-1018	1.0 1.0 0.0 0.0 0.0 1.0 0.0	1
W94-0111	A92-1018	1.0 1.0 0.0 0.0 0.0 1.0 0.0	1
E95-1014	A92-1018	2.0 2.0 0.0 0.0 0.0 0.0 0.0	1
E95-1020	A92-1018	2.0 2.0 0.0 0.0 1.0 1.0 0.0	1
E95-1021	A92-1018	2.0 2.0 0.0 0.0 0.0 0.0 0.0	0
E95-1022	A92-1018	2.0 3.0 0.0 0.0 0.0 1.0 0.0	1
J95-2001	A92-1018	1.0 2.0 0.0 0.0 0.0 1.0 0.0	1
J95-2004	A92-1018	2.0 2.0 0.0 0.0 0.0 1.0 0.0	1
J95-3004	A92-1018	1.0 1.0 0.0 0.0 0.0 1.0 0.0	1
J95-4004	A92-1018	3.0 3.0 0.0 0.0 0.0 3.0 0.0	1
P95-1039	A92-1018	1.0 1.0 0.0 0.0 0.0 1.0 0.0	1
W95-0101	A92-1018	3.0 3.0 0.0 0.0 0.0 0.0 2.0	1
C96-1036	A92-1018	1.0 1.0 0.0 0.0 0.0 1.0 0.0	1
C96-2114	A92-1018	1.0 5.0 0.0 0.0 0.0 0.0 0.0	1
C96-2136	A92-1018	2.0 2.0 0.0 0.0 0.0 1.0 0.0	1
C96-2192	A92-1018	1.0 1.0 0.0 0.0 0.0 1.0 0.0	1
P96-1006	A92-1018	1.0 1.0 0.0 0.0 1.0 1.0 0.0	1
P96-1030	A92-1018	1.0 1.0 0.0 0.0 0.0 1.0 0.0	1
W96-0101	A92-1018	3.0 4.0 0.0 0.0 0.0 3.0 2.0	1
W96-0102	A92-1018	1.0 2.0 0.0 0.0 0.0 1.0 1.0	1
W96-0113	A92-1018	1.0 2.0 0.0 0.0 0.0 0.0 0.0	1
W96-0205	A92-1018	1.0 1.0 0.0 0.0 1.0 1.0 0.0	1
W96-0206	A92-1018	1.0 1.0 0.0 0.0 0.0 0.0 1.0	1
A97-1004	A92-1018	1.0 1.0 0.0 0.0 0.0 0.0 0.0	1
A97-1014	A92-1018	1.0 2.0 0.0 0.0 0.0 1.0 0.0	1
A97-1017	A92-1018	2.0 2.0 0.0 0.0 0.0 1.0 0.0	0
J97-3003	A92-1018	2.0 2.0 0.0 0.0 0.0 0.0 0.0	1
P97-1029	A92-1018	1.0 1.0 0.0 0.0 0.0 1.0 1.0	1
P97-1031	A92-1018	1.0 1.0 0.0 0.0 0.0 1.0 0.0	1
P97-1032	A92-1018	1.0 1.0 0.0 0.0 0.0 1.0 0.0	1
W97-0307	A92-1018	1.0 1.0 0.0 0.0 0.0 1.0 0.0	1
W97-0811	A92-1018	1.0 1.0 0.0 0.0 0.0 0.0 1.0	0
C98-1060	A92-1018	1.0 1.0 0.0 0.0 0.0 1.0 0.0	1
W98-1110	A92-1018	2.0 2.0 0.0 0.0 0.0 0.0 0.0	0
W98-1207	A92-1018	1.0 1.0 0.0 0.0 0.0 1.0 0.0	1
E99-1018	A92-1018	2.0 2.0 0.0 0.0 0.0 2.0 0.0	1
W99-0608	A92-1018	1.0 1.0 0.0 0.0 0.0 1.0 0.0	1
A00-1026	A92-1018	1.0 1.0 0.0 0.0 0.0 0.0 0.0	0
A00-1031	A92-1018	1.0 1.0 0.0 0.0 0.0 1.0 0.0	1
C00-1004	A92-1018	1.0 2.0 0.0 0.0 0.0 0.0 0.0	1
N01-1023	A92-1018	1.0 1.0 0.0 0.0 0.0 0.0 0.0	0
J02-1004	A92-1018	2.0 2.0 0.0 0.0 0.0 1.0 0.0	1
W03-1314	A92-1018	1.0 1.0 0.0 0.0 1.0 0.0 0.0	1
W04-1211	A92-1018	1.0 1.0 0.0 0.0 0.0 1.0 0.0	1
W04-2010	A92-1018	1.0 1.0 0.0 0.0 1.0 0.0 0.0	1
W04-2602	A92-1018	1.0 3.0 0.0 0.0 0.0 0.0 0.0	0
W04-2611	A92-1018	1.0 1.0 0.0 0.0 0.0 1.0 0.0	1
W04-3112	A92-1018	1.0 1.0 0.0 0.0 0.0 1.0 0.0	0
H05-1052	A92-1018	1.0 1.0 0.0 0.0 0.0 0.0 0.0	1
W05-0708	A92-1018	1.0 1.0 0.0 0.0 0.0 1.0 0.0	1
E06-1034	A92-1018	1.0 1.0 0.0 0.0 0.0 0.0 0.0	1
N06-1042	A92-1018	1.0 2.0 0.0 0.0 0.0 0.0 0.0	1
P06-2100	A92-1018	1.0 1.0 0.0 0.0 0.0 1.0 0.0	1
P07-2056	A92-1018	3.0 3.0 0.0 0.0 0.0 1.0 0.0	0
C08-1026	A92-1018	1.0 1.0 0.0 0.0 0.0 1.0 0.0	1
I08-3015	A92-1018	2.0 2.0 0.0 0.0 0.0 1.0 0.0	1
C08-1009	C98-2122	5.0 7.0 0.0 1.0 0.0 0.0 0.0	0
C08-1029	C98-2122	3.0 11.0 0.0 0.0 2.0 1.0 0.0	0
C08-1051	C98-2122	4.0 12.0 0.0 0.0 1.0 4.0 0.0	1
C08-1054	C98-2122	1.0 3.0 0.0 0.0 0.0 0.0 0.0	1
C08-1058	C98-2122	1.0 3.0 0.0 0.0 0.0 1.0 0.0	1
C08-1086	C98-2122	2.0 8.0 0.0 0.0 0.0 1.0 0.0	1
C08-1100	C98-2122	2.0 3.0 0.0 0.0 0.0 2.0 0.0	1
C08-1107	C98-2122	2.0 13.0 0.0 0.0 0.0 0.0 0.0	0
C08-1117	C98-2122	3.0 12.0 0.0 0.0 0.0 1.0 1.0	1
D08-1007	C98-2122	5.0 9.0 0.0 0.0 0.0 1.0 1.0	1
D08-1048	C98-2122	2.0 3.0 0.0 0.0 0.0 2.0 0.0	1
D08-1084	C98-2122	1.0 2.0 0.0 0.0 0.0 0.0 0.0	1
D08-1103	C98-2122	3.0 8.0 0.0 0.0 0.0 0.0 0.0	0
I08-1021	C98-2122	1.0 1.0 0.0 0.0 0.0 0.0 1.0	1
I08-1060	C98-2122	1.0 3.0 0.0 0.0 0.0 1.0 0.0	1
I08-1072	C98-2122	2.0 2.0 0.0 0.0 1.0 2.0 0.0	1
I08-1073	C98-2122	6.0 6.0 0.0 0.0 1.0 0.0 1.0	0
I08-2102	C98-2122	1.0 1.0 0.0 0.0 0.0 0.0 0.0	0
W08-1901	C98-2122	1.0 2.0 0.0 0.0 0.0 0.0 0.0	1
W08-1902	C98-2122	1.0 1.0 0.0 0.0 0.0 1.0 0.0	1
W08-2005	C98-2122	2.0 2.0 0.0 1.0 0.0 1.0 0.0	0
W08-2211	C98-2122	3.0 3.0 0.0 0.0 0.0 0.0 0.0	1
D09-1028	C98-2122	1.0 2.0 0.0 0.0 0.0 0.0 1.0	1
D09-1084	C98-2122	4.0 4.0 0.0 0.0 0.0 1.0 0.0	1
D09-1089	C98-2122	1.0 3.0 0.0 0.0 0.0 0.0 0.0	1
E09-1077	C98-2122	2.0 3.0 0.0 0.0 1.0 0.0 1.0	1
N09-2059	C98-2122	1.0 2.0 0.0 0.0 0.0 1.0 0.0	1
P09-1031	C98-2122	2.0 4.0 0.0 0.0 1.0 2.0 0.0	1
P09-1051	C98-2122	2.0 11.0 0.0 0.0 0.0 0.0 0.0	1
P09-1052	C98-2122	1.0 5.0 0.0 0.0 0.0 1.0 0.0	1
P09-2062	C98-2122	1.0 1.0 0.0 0.0 0.0 0.0 0.0	1
W09-0201	C98-2122	1.0 2.0 0.0 0.0 0.0 1.0 0.0	1
W09-0203	C98-2122	3.0 4.0 0.0 0.0 0.0 1.0 0.0	0
W09-0805	C98-2122	1.0 4.0 0.0 0.0 0.0 1.0 0.0	1
W09-1108	C98-2122	1.0 3.0 0.0 0.0 0.0 0.0 0.0	1
W09-1316	C98-2122	1.0 5.0 0.0 0.0 0.0 1.0 0.0	1
C08-1008	D07-1031	4.0 4.0 0.0 0.0 0.0 1.0 1.0	0
C08-1042	D07-1031	9.0 9.0 0.0 0.0 3.0 3.0 2.0	0
D08-1036	D07-1031	14.0 16.0 1.0 0.0 1.0 1.0 0.0	0
D08-1109	D07-1031	1.0 2.0 0.0 0.0 0.0 1.0 1.0	1
P08-1012	D07-1031	4.0 5.0 0.0 0.0 0.0 0.0 0.0	1
P08-1100	D07-1031	1.0 1.0 0.0 0.0 1.0 1.0 1.0	0
D09-1071	D07-1031	6.0 10.0 0.0 1.0 3.0 2.0 1.0	0
D09-1075	D07-1031	2.0 2.0 0.0 0.0 0.0 0.0 0.0	1
E09-1042	D07-1031	3.0 3.0 0.0 0.0 1.0 0.0 1.0	1
N09-1009	D07-1031	4.0 4.0 0.0 0.0 0.0 3.0 0.0	1
N09-1069	D07-1031	1.0 2.0 0.0 0.0 0.0 0.0 0.0	1
P09-1056	D07-1031	2.0 2.0 0.0 0.0 0.0 2.0 1.0	1
P09-1057	D07-1031	1.0 8.0 0.0 0.0 0.0 0.0 0.0	1
P91-1017	J90-1003	2.0 2.0 0.0 0.0 0.0 1.0 1.0	1
P91-1019	J90-1003	1.0 1.0 0.0 0.0 0.0 1.0 0.0	1
P91-1027	J90-1003	2.0 9.0 0.0 0.0 0.0 0.0 0.0	0
W91-0211	J90-1003	2.0 2.0 0.0 0.0 0.0 1.0 0.0	1
A92-1013	J90-1003	2.0 7.0 0.0 0.0 0.0 1.0 0.0	0
C92-1033	J90-1003	1.0 4.0 0.0 0.0 0.0 0.0 0.0	1
H92-1040	J90-1003	1.0 1.0 0.0 0.0 0.0 0.0 0.0	0
H92-1047	J90-1003	1.0 1.0 0.0 0.0 0.0 0.0 0.0	1
J92-1001	J90-1003	3.0 3.0 0.0 0.0 0.0 2.0 1.0	1
P92-1014	J90-1003	1.0 1.0 0.0 0.0 0.0 0.0 0.0	0
P92-1052	J90-1003	1.0 1.0 0.0 0.0 0.0 1.0 0.0	1
H93-1049	J90-1003	5.0 5.0 0.0 0.0 0.0 0.0 0.0	0
J93-1006	J90-1003	1.0 6.0 0.0 0.0 0.0 1.0 0.0	1
J93-2005	J90-1003	2.0 2.0 0.0 0.0 0.0 1.0 0.0	1
J93-3004	J90-1003	3.0 5.0 0.0 0.0 1.0 1.0 1.0	0
P93-1022	J90-1003	2.0 7.0 0.0 0.0 0.0 2.0 0.0	1
P93-1043	J90-1003	1.0 1.0 0.0 0.0 1.0 1.0 0.0	1
W93-0111	J90-1003	1.0 8.0 0.0 0.0 0.0 1.0 0.0	1
W93-0310	J90-1003	2.0 2.0 0.0 0.0 2.0 0.0 1.0	1
A94-1006	J90-1003	1.0 8.0 0.0 0.0 0.0 1.0 0.0	1
C94-1074	J90-1003	2.0 4.0 0.0 0.0 0.0 1.0 0.0	1
C94-1084	J90-1003	2.0 2.0 0.0 0.0 0.0 0.0 0.0	1
J94-4003	J90-1003	2.0 15.0 0.0 1.0 0.0 2.0 1.0	1
J94-4005	J90-1003	1.0 2.0 0.0 0.0 0.0 1.0 0.0	1
E95-1037	J90-1003	1.0 1.0 0.0 0.0 0.0 1.0 1.0	1
W95-0111	J90-1003	4.0 8.0 0.0 0.0 1.0 0.0 0.0	1
C96-1055	J90-1003	1.0 1.0 0.0 0.0 0.0 1.0 0.0	1
C96-1083	J90-1003	2.0 2.0 0.0 0.0 0.0 1.0 1.0	1
C96-1097	J90-1003	1.0 1.0 0.0 0.0 1.0 1.0 0.0	1
C96-2100	J90-1003	4.0 7.0 0.0 0.0 0.0 4.0 1.0	0
C96-2163	J90-1003	1.0 1.0 0.0 0.0 0.0 0.0 0.0	1
C96-2208	J90-1003	1.0 1.0 0.0 0.0 0.0 0.0 0.0	1
W96-0103	J90-1003	2.0 2.0 0.0 0.0 0.0 0.0 0.0	1
W96-0306	J90-1003	1.0 1.0 0.0 0.0 0.0 1.0 0.0	1
A97-1021	J90-1003	1.0 1.0 0.0 0.0 0.0 1.0 0.0	1
A97-1045	J90-1003	1.0 3.0 0.0 0.0 0.0 0.0 0.0	1
P97-1007	J90-1003	1.0 1.0 0.0 0.0 0.0 1.0 0.0	1
P97-1024	J90-1003	1.0 1.0 0.0 0.0 0.0 0.0 0.0	1
W97-0205	J90-1003	1.0 1.0 0.0 0.0 0.0 0.0 0.0	1
W97-0709	J90-1003	1.0 2.0 0.0 0.0 0.0 0.0 0.0	1
W97-0711	J90-1003	2.0 3.0 0.0 0.0 0.0 2.0 1.0	1
C98-1062	J90-1003	2.0 2.0 0.0 0.0 0.0 0.0 0.0	1
C98-1097	J90-1003	1.0 1.0 0.0 0.0 0.0 0.0 0.0	1
C98-2226	J90-1003	1.0 3.0 0.0 0.0 0.0 0.0 0.0	1
C98-2238	J90-1003	1.0 1.0 0.0 0.0 0.0 0.0 0.0	1
W98-1104	J90-1003	2.0 6.0 0.0 0.0 0.0 0.0 0.0	1
E99-1005	J90-1003	1.0 1.0 0.0 0.0 0.0 0.0 0.0	1
E99-1013	J90-1003	1.0 1.0 0.0 0.0 0.0 0.0 0.0	1
P99-1004	J90-1003	1.0 4.0 0.0 1.0 0.0 1.0 0.0	1
P99-1029	J90-1003	2.0 2.0 0.0 0.0 0.0 0.0 1.0	0
P99-1051	J90-1003	1.0 1.0 0.0 0.0 0.0 1.0 0.0	1
C00-1059	J90-1003	2.0 2.0 0.0 0.0 0.0 0.0 0.0	1
C00-2128	J90-1003	1.0 1.0 0.0 0.0 0.0 1.0 0.0	1
J00-3001	J90-1003	3.0 3.0 1.0 0.0 0.0 0.0 0.0	0
W00-1106	J90-1003	1.0 1.0 0.0 0.0 0.0 1.0 0.0	1
W00-1313	J90-1003	1.0 1.0 0.0 0.0 0.0 0.0 0.0	1
P01-1059	J90-1003	1.0 1.0 0.0 0.0 0.0 0.0 0.0	1
W01-0513	J90-1003	2.0 3.0 0.0 0.0 0.0 2.0 0.0	1
C02-1033	J90-1003	1.0 1.0 0.0 0.0 0.0 0.0 0.0	1
C02-1086	J90-1003	2.0 2.0 0.0 0.0 0.0 1.0 0.0	0
J02-2003	J90-1003	1.0 1.0 0.0 0.0 0.0 0.0 0.0	1
W02-1115	J90-1003	1.0 3.0 0.0 0.0 0.0 1.0 0.0	1
N03-1032	J90-1003	3.0 3.0 0.0 0.0 0.0 1.0 0.0	0
W03-1805	J90-1003	2.0 3.0 0.0 0.0 0.0 1.0 0.0	0
C04-1105	J90-1003	1.0 2.0 0.0 0.0 0.0 0.0 0.0	0
C04-1141	J90-1003	1.0 1.0 0.0 0.0 0.0 1.0 0.0	1
C04-1194	J90-1003	1.0 1.0 0.0 0.0 0.0 0.0 0.0	1
J04-3002	J90-1003	1.0 1.0 0.0 0.0 0.0 0.0 1.0	1
P04-1022	J90-1003	1.0 1.0 0.0 0.0 0.0 1.0 0.0	1
P04-3019	J90-1003	1.0 1.0 0.0 0.0 0.0 0.0 0.0	1
W04-1113	J90-1003	3.0 3.0 0.0 0.0 1.0 0.0 0.0	0
W04-1114	J90-1003	1.0 2.0 0.0 0.0 0.0 0.0 0.0	1
W04-2105	J90-1003	1.0 2.0 0.0 0.0 0.0 1.0 0.0	1
P05-1014	J90-1003	2.0 2.0 0.0 0.0 0.0 2.0 0.0	1
P05-1075	J90-1003	2.0 4.0 0.0 0.0 0.0 2.0 0.0	1
W05-0101	J90-1003	1.0 1.0 0.0 0.0 0.0 1.0 0.0	1
W05-0829	J90-1003	1.0 1.0 0.0 0.0 0.0 0.0 0.0	1
P06-1036	J90-1003	2.0 2.0 0.0 0.0 0.0 0.0 0.0	1
P06-2033	J90-1003	1.0 2.0 0.0 0.0 0.0 0.0 0.0	1
P06-2069	J90-1003	1.0 1.0 0.0 0.0 0.0 1.0 0.0	1
W06-0308	J90-1003	1.0 1.0 1.0 0.0 0.0 0.0 0.0	1
W06-1101	J90-1003	1.0 2.0 0.0 0.0 0.0 0.0 0.0	1
W06-1605	J90-1003	1.0 1.0 0.0 0.0 0.0 0.0 0.0	1
W06-3307	J90-1003	1.0 1.0 0.0 0.0 0.0 1.0 0.0	1
D07-1039	J90-1003	1.0 1.0 0.0 0.0 0.0 0.0 0.0	1
W07-2201	J90-1003	2.0 2.0 0.0 0.0 0.0 0.0 0.0	1
C08-1117	J90-1003	1.0 1.0 0.0 0.0 0.0 0.0 0.0	1
D08-1007	J90-1003	1.0 1.0 1.0 0.0 0.0 0.0 0.0	0
D08-1044	J90-1003	1.0 1.0 0.0 0.0 0.0 1.0 0.0	1
I08-1014	J90-1003	1.0 1.0 0.0 0.0 0.0 1.0 0.0	0
P08-1013	J90-1003	1.0 1.0 0.0 0.0 0.0 0.0 0.0	1
P08-2046	J90-1003	1.0 1.0 0.0 0.0 0.0 1.0 0.0	1
W08-1901	J90-1003	1.0 1.0 0.0 0.0 1.0 0.0 0.0	1
W08-1914	J90-1003	1.0 2.0 0.0 0.0 0.0 0.0 0.0	1
W08-2005	J90-1003	1.0 1.0 0.0 0.0 0.0 0.0 0.0	1
D09-1051	J90-1003	1.0 1.0 0.0 0.0 0.0 1.0 0.0	0
J09-3004	J90-1003	2.0 2.0 0.0 0.0 0.0 2.0 0.0	0
N09-1032	J90-1003	1.0 1.0 0.0 0.0 0.0 0.0 0.0	1
P09-1072	J90-1003	2.0 2.0 0.0 0.0 0.0 1.0 0.0	1
W09-0211	J90-1003	1.0 1.0 0.0 0.0 0.0 0.0 0.0	1
W09-0304	J90-1003	2.0 2.0 0.0 1.0 0.0 1.0 0.0	0
A94-1006	J93-1007	3.0 4.0 0.0 0.0 0.0 2.0 0.0	1
C94-1074	J93-1007	2.0 7.0 0.0 0.0 0.0 0.0 0.0	0
C94-1091	J93-1007	1.0 2.0 0.0 0.0 0.0 0.0 0.0	1
C94-1096	J93-1007	3.0 3.0 0.0 0.0 0.0 1.0 0.0	1
C94-2202	J93-1007	1.0 3.0 0.0 0.0 0.0 1.0 1.0	1
J94-4003	J93-1007	2.0 2.0 0.0 1.0 0.0 2.0 1.0	1
W94-0311	J93-1007	1.0 1.0 0.0 0.0 0.0 0.0 0.0	1
E95-1003	J93-1007	2.0 2.0 0.0 0.0 1.0 1.0 0.0	1
P95-1007	J93-1007	1.0 1.0 0.0 0.0 0.0 0.0 0.0	1
P95-1027	J93-1007	1.0 1.0 0.0 0.0 0.0 1.0 0.0	1
W95-0111	J93-1007	2.0 2.0 0.0 0.0 1.0 0.0 0.0	1
C96-1009	J93-1007	5.0 6.0 0.0 0.0 0.0 2.0 0.0	0
C96-1039	J93-1007	1.0 2.0 0.0 0.0 0.0 1.0 0.0	1
C96-1083	J93-1007	1.0 1.0 0.0 0.0 0.0 1.0 1.0	1
C96-1089	J93-1007	1.0 2.0 0.0 0.0 0.0 0.0 0.0	0
C96-1097	J93-1007	2.0 2.0 0.0 0.0 1.0 1.0 0.0	1
C96-2100	J93-1007	2.0 4.0 0.0 0.0 0.0 0.0 0.0	0
W96-0103	J93-1007	1.0 1.0 0.0 0.0 0.0 0.0 0.0	1
W96-0304	J93-1007	1.0 2.0 0.0 0.0 0.0 0.0 0.0	1
A97-1026	J93-1007	2.0 2.0 0.0 0.0 0.0 0.0 0.0	1
A97-1045	J93-1007	1.0 1.0 0.0 0.0 0.0 0.0 0.0	1
A97-1050	J93-1007	1.0 4.0 0.0 0.0 0.0 1.0 0.0	1
A97-1054	J93-1007	1.0 1.0 0.0 0.0 0.0 1.0 0.0	1
P97-1061	J93-1007	3.0 5.0 0.0 0.0 1.0 2.0 2.0	0
W97-0205	J93-1007	1.0 1.0 0.0 0.0 0.0 1.0 0.0	1
W97-1004	J93-1007	2.0 2.0 0.0 0.0 0.0 1.0 1.0	0
C98-1089	J93-1007	1.0 1.0 0.0 0.0 0.0 0.0 0.0	1
C98-2120	J93-1007	1.0 1.0 0.0 0.0 0.0 0.0 0.0	1
C98-2122	J93-1007	1.0 1.0 0.0 0.0 0.0 0.0 0.0	1
C98-2211	J93-1007	2.0 2.0 0.0 0.0 0.0 0.0 0.0	1
J98-2002	J93-1007	3.0 3.0 0.0 0.0 0.0 2.0 1.0	0
P99-1029	J93-1007	1.0 1.0 0.0 0.0 0.0 0.0 0.0	1
P99-1041	J93-1007	1.0 2.0 0.0 0.0 0.0 1.0 0.0	1
P99-1043	J93-1007	2.0 4.0 0.0 0.0 0.0 2.0 0.0	1
W99-0610	J93-1007	2.0 4.0 0.0 1.0 0.0 0.0 0.0	0
A00-1042	J93-1007	2.0 2.0 0.0 0.0 0.0 0.0 0.0	1
C00-2113	J93-1007	1.0 1.0 0.0 0.0 0.0 0.0 0.0	1
C00-2121	J93-1007	1.0 1.0 0.0 0.0 0.0 0.0 0.0	1
J00-3001	J93-1007	1.0 1.0 0.0 0.0 0.0 0.0 0.0	1
W00-1203	J93-1007	1.0 2.0 0.0 0.0 1.0 0.0 0.0	1
W01-0513	J93-1007	1.0 1.0 0.0 0.0 0.0 1.0 0.0	1
C02-1007	J93-1007	1.0 1.0 0.0 0.0 0.0 1.0 0.0	1
C02-2003	J93-1007	1.0 1.0 0.0 0.0 0.0 0.0 0.0	1
W02-0909	J93-1007	1.0 2.0 0.0 0.0 0.0 0.0 0.0	1
W02-1606	J93-1007	1.0 2.0 0.0 0.0 0.0 0.0 0.0	1
W02-2001	J93-1007	3.0 6.0 0.0 0.0 0.0 0.0 1.0	0
W03-1705	J93-1007	1.0 1.0 0.0 0.0 0.0 1.0 0.0	1
W03-1717	J93-1007	1.0 1.0 0.0 0.0 0.0 0.0 0.0	1
W03-1805	J93-1007	1.0 2.0 0.0 0.0 0.0 1.0 0.0	1
W03-1806	J93-1007	3.0 3.0 0.0 0.0 0.0 3.0 2.0	0
W03-1807	J93-1007	3.0 3.0 0.0 0.0 0.0 1.0 0.0	0
C04-1141	J93-1007	1.0 2.0 0.0 0.0 0.0 0.0 0.0	1
P04-1022	J93-1007	3.0 5.0 0.0 0.0 0.0 3.0 1.0	1
P04-3019	J93-1007	1.0 2.0 0.0 0.0 1.0 0.0 0.0	1
W04-0407	J93-1007	1.0 1.0 0.0 0.0 0.0 1.0 0.0	1
W04-0412	J93-1007	1.0 1.0 0.0 0.0 0.0 1.0 0.0	1
W04-1113	J93-1007	4.0 7.0 0.0 0.0 0.0 0.0 1.0	0
W04-2105	J93-1007	1.0 1.0 0.0 0.0 0.0 1.0 0.0	1
P05-1075	J93-1007	2.0 2.0 0.0 0.0 0.0 2.0 0.0	0
W05-1006	J93-1007	1.0 1.0 0.0 0.0 0.0 0.0 0.0	1
E06-1026	J93-1007	1.0 1.0 0.0 0.0 0.0 0.0 0.0	1
E06-1043	J93-1007	1.0 1.0 0.0 0.0 0.0 1.0 0.0	1
P06-1120	J93-1007	2.0 3.0 0.0 0.0 0.0 0.0 0.0	1
W06-1006	J93-1007	7.0 7.0 0.0 0.0 0.0 6.0 0.0	1
W06-2403	J93-1007	2.0 2.0 0.0 0.0 0.0 0.0 0.0	1
W06-2406	J93-1007	2.0 3.0 0.0 0.0 1.0 2.0 0.0	1
N07-1037	J93-1007	1.0 2.0 0.0 0.0 0.0 0.0 0.0	1
W07-1511	J93-1007	2.0 2.0 0.0 0.0 0.0 1.0 0.0	1
C08-1030	J93-1007	1.0 1.0 0.0 0.0 0.0 0.0 0.0	1
I08-1014	J93-1007	1.0 1.0 0.0 0.0 0.0 0.0 0.0	1
C96-1059	J96-2004	1.0 1.0 0.0 0.0 0.0 0.0 0.0	1
W96-0402	J96-2004	1.0 2.0 0.0 0.0 0.0 0.0 0.0	1
A97-1050	J96-2004	1.0 3.0 0.0 0.0 0.0 0.0 0.0	1
J97-1002	J96-2004	2.0 12.0 0.0 0.0 0.0 0.0 0.0	1
J97-1003	J96-2004	5.0 7.0 0.0 0.0 0.0 2.0 0.0	0
J97-1005	J96-2004	2.0 4.0 0.0 0.0 0.0 1.0 0.0	1
P97-1034	J96-2004	2.0 2.0 0.0 0.0 0.0 1.0 0.0	1
W97-0113	J96-2004	3.0 4.0 0.0 1.0 0.0 1.0 0.0	1
W97-0203	J96-2004	1.0 1.0 0.0 0.0 0.0 1.0 0.0	1
W97-0320	J96-2004	3.0 3.0 0.0 0.0 1.0 3.0 0.0	1
C98-1051	J96-2004	1.0 1.0 0.0 0.0 0.0 0.0 0.0	1
J98-2001	J96-2004	3.0 6.0 0.0 0.0 0.0 1.0 1.0	1
W98-0317	J96-2004	1.0 1.0 0.0 0.0 0.0 1.0 0.0	1
W98-0319	J96-2004	1.0 2.0 0.0 0.0 0.0 1.0 0.0	1
E99-1006	J96-2004	1.0 2.0 0.0 0.0 0.0 0.0 0.0	1
E99-1015	J96-2004	1.0 5.0 0.0 0.0 0.0 0.0 0.0	1
P99-1032	J96-2004	1.0 1.0 0.0 0.0 0.0 1.0 1.0	1
P99-1068	J96-2004	1.0 2.0 0.0 0.0 0.0 0.0 0.0	1
W99-0305	J96-2004	4.0 6.0 0.0 0.0 0.0 0.0 0.0	1
W99-0307	J96-2004	2.0 6.0 0.0 0.0 1.0 0.0 0.0	1
W99-0311	J96-2004	1.0 2.0 0.0 0.0 0.0 0.0 0.0	1
W99-0502	J96-2004	2.0 2.0 0.0 0.0 0.0 1.0 0.0	1
W99-0508	J96-2004	1.0 1.0 0.0 0.0 0.0 1.0 0.0	1
A00-1007	J96-2004	1.0 1.0 0.0 0.0 0.0 1.0 1.0	1
A00-1012	J96-2004	3.0 4.0 0.0 2.0 0.0 0.0 1.0	0
A00-2003	J96-2004	1.0 1.0 0.0 0.0 0.0 1.0 0.0	1
C00-1039	J96-2004	1.0 1.0 0.0 0.0 0.0 0.0 0.0	1
J00-3003	J96-2004	1.0 1.0 0.0 0.0 0.0 0.0 0.0	1
J00-4003	J96-2004	1.0 3.0 0.0 0.0 0.0 1.0 0.0	1
P00-1051	J96-2004	2.0 2.0 1.0 0.0 0.0 2.0 0.0	1
W00-1302	J96-2004	1.0 1.0 0.0 0.0 0.0 1.0 0.0	1
W00-1403	J96-2004	1.0 1.0 0.0 0.0 0.0 1.0 0.0	1
W00-1415	J96-2004	1.0 1.0 0.0 0.0 0.0 0.0 0.0	1
J01-3003	J96-2004	1.0 1.0 0.0 0.0 0.0 0.0 0.0	1
N01-1010	J96-2004	3.0 3.0 0.0 0.0 0.0 1.0 0.0	1
P01-1032	J96-2004	1.0 1.0 0.0 0.0 1.0 1.0 0.0	1
P01-1038	J96-2004	1.0 1.0 0.0 0.0 0.0 0.0 0.0	1
P01-1051	J96-2004	1.0 2.0 0.0 0.0 0.0 1.0 0.0	1
J02-3004	J96-2004	1.0 1.0 0.0 0.0 1.0 0.0 0.0	1
J02-4001	J96-2004	1.0 1.0 0.0 0.0 0.0 1.0 0.0	1
J02-4002	J96-2004	1.0 3.0 0.0 0.0 0.0 0.0 0.0	1
P02-1045	J96-2004	1.0 1.0 0.0 0.0 0.0 0.0 0.0	1
W02-0207	J96-2004	1.0 1.0 0.0 0.0 0.0 0.0 0.0	1
W02-0226	J96-2004	2.0 3.0 0.0 0.0 0.0 2.0 0.0	1
W02-0806	J96-2004	1.0 1.0 0.0 0.0 0.0 0.0 0.0	1
W02-0808	J96-2004	1.0 1.0 0.0 0.0 0.0 0.0 0.0	1
W02-0904	J96-2004	1.0 1.0 0.0 0.0 0.0 0.0 0.0	1
W02-1040	J96-2004	1.0 1.0 0.0 0.0 0.0 0.0 0.0	1
J03-1004	J96-2004	1.0 1.0 0.0 0.0 0.0 0.0 0.0	1
N03-1012	J96-2004	1.0 1.0 0.0 0.0 0.0 0.0 0.0	1
P03-1008	J96-2004	1.0 1.0 0.0 0.0 0.0 1.0 0.0	1
P03-1048	J96-2004	2.0 2.0 0.0 0.0 0.0 2.0 0.0	1
W03-0201	J96-2004	1.0 1.0 0.0 0.0 0.0 0.0 0.0	1
W03-0902	J96-2004	1.0 1.0 0.0 0.0 0.0 0.0 0.0	1
W03-1010	J96-2004	1.0 1.0 0.0 0.0 0.0 0.0 0.0	1
W03-1903	J96-2004	2.0 2.0 0.0 0.0 1.0 2.0 0.0	1
W03-2802	J96-2004	1.0 1.0 0.0 0.0 0.0 0.0 0.0	1
C04-1020	J96-2004	1.0 1.0 0.0 0.0 0.0 0.0 0.0	1
C04-1034	J96-2004	1.0 1.0 0.0 0.0 0.0 0.0 0.0	1
C04-1035	J96-2004	1.0 1.0 0.0 0.0 0.0 0.0 0.0	1
C04-1128	J96-2004	1.0 1.0 0.0 0.0 0.0 0.0 0.0	1
C04-1161	J96-2004	1.0 3.0 0.0 0.0 0.0 0.0 0.0	0
J04-1005	J96-2004	1.0 3.0 0.0 0.0 0.0 0.0 0.0	1
J04-3003	J96-2004	2.0 2.0 0.0 0.0 0.0 1.0 0.0	1
N04-1026	J96-2004	1.0 1.0 0.0 0.0 0.0 0.0 0.0	1
P04-1049	J96-2004	1.0 1.0 0.0 0.0 0.0 0.0 0.0	1
P04-1088	J96-2004	1.0 4.0 0.0 0.0 0.0 1.0 0.0	1
W04-0204	J96-2004	1.0 1.0 0.0 0.0 0.0 0.0 0.0	1
W04-0210	J96-2004	1.0 1.0 0.0 0.0 0.0 0.0 0.0	1
W04-0216	J96-2004	1.0 4.0 0.0 0.0 1.0 0.0 0.0	1
W04-0713	J96-2004	1.0 1.0 0.0 0.0 0.0 0.0 0.0	1
W04-0807	J96-2004	1.0 1.0 0.0 0.0 0.0 0.0 0.0	1
W04-1211	J96-2004	2.0 2.0 0.0 0.0 0.0 0.0 0.0	1
W04-2312	J96-2004	1.0 1.0 0.0 0.0 1.0 1.0 0.0	0
W04-2323	J96-2004	1.0 1.0 0.0 0.0 0.0 0.0 0.0	1
W04-2326	J96-2004	1.0 1.0 0.0 0.0 0.0 0.0 0.0	1
W04-2703	J96-2004	1.0 2.0 0.0 0.0 0.0 1.0 0.0	1
W04-2802	J96-2004	1.0 1.0 0.0 0.0 0.0 0.0 0.0	1
H05-1031	J96-2004	1.0 1.0 0.0 0.0 0.0 0.0 0.0	1
H05-1115	J96-2004	1.0 1.0 0.0 0.0 0.0 0.0 0.0	1
J05-2005	J96-2004	1.0 1.0 0.0 0.0 0.0 0.0 0.0	1
J05-3001	J96-2004	4.0 4.0 0.0 0.0 2.0 1.0 0.0	0
P05-1031	J96-2004	1.0 2.0 0.0 0.0 0.0 0.0 0.0	1
P05-2010	J96-2004	1.0 1.0 0.0 0.0 0.0 1.0 0.0	1
P05-2014	J96-2004	1.0 1.0 0.0 0.0 0.0 0.0 0.0	1
W05-0307	J96-2004	1.0 8.0 0.0 0.0 0.0 0.0 0.0	1
W05-0901	J96-2004	1.0 1.0 0.0 0.0 0.0 1.0 0.0	1
W05-0906	J96-2004	1.0 1.0 0.0 0.0 0.0 0.0 0.0	1
W05-1009	J96-2004	1.0 1.0 0.0 0.0 0.0 0.0 0.0	1
W05-1612	J96-2004	1.0 1.0 0.0 0.0 0.0 0.0 0.0	1
E06-1007	J96-2004	1.0 1.0 0.0 0.0 0.0 0.0 0.0	1
N06-2040	J96-2004	1.0 1.0 0.0 0.0 0.0 0.0 0.0	1
P06-1050	J96-2004	1.0 1.0 0.0 1.0 0.0 1.0 0.0	1
W06-0906	J96-2004	2.0 2.0 0.0 1.0 1.0 2.0 0.0	1
W06-1203	J96-2004	1.0 1.0 0.0 0.0 0.0 0.0 0.0	1
W06-1312	J96-2004	1.0 1.0 0.0 0.0 0.0 0.0 0.0	1
W06-1314	J96-2004	1.0 1.0 0.0 0.0 0.0 0.0 0.0	1
W06-1318	J96-2004	3.0 3.0 0.0 0.0 0.0 2.0 0.0	1
W06-1602	J96-2004	1.0 2.0 0.0 0.0 0.0 0.0 0.0	1
W06-1612	J96-2004	1.0 2.0 0.0 0.0 0.0 1.0 0.0	1
W06-1613	J96-2004	1.0 1.0 0.0 0.0 0.0 0.0 0.0	1
W06-2404	J96-2004	1.0 1.0 0.0 0.0 0.0 1.0 0.0	1
W06-2505	J96-2004	1.0 2.0 0.0 0.0 0.0 0.0 0.0	1
W06-3328	J96-2004	1.0 1.0 0.0 0.0 0.0 0.0 0.0	1
W06-3406	J96-2004	1.0 1.0 0.0 0.0 0.0 0.0 0.0	1
N07-1072	J96-2004	1.0 1.0 0.0 0.0 0.0 0.0 0.0	1
P07-3006	J96-2004	1.0 1.0 0.0 0.0 0.0 1.0 0.0	1
W07-0718	J96-2004	1.0 1.0 0.0 1.0 0.0 0.0 0.0	1
W07-1602	J96-2004	1.0 1.0 0.0 0.0 0.0 0.0 0.0	1
W07-1707	J96-2004	1.0 1.0 0.0 0.0 0.0 0.0 0.0	1
W07-2007	J96-2004	1.0 1.0 0.0 0.0 0.0 0.0 0.0	1
C08-1109	J96-2004	1.0 1.0 0.0 0.0 0.0 0.0 0.0	1
D08-1021	J96-2004	1.0 1.0 0.0 0.0 0.0 0.0 0.0	1
J08-3001	J96-2004	1.0 7.0 0.0 0.0 0.0 0.0 0.0	1
P08-2064	J96-2004	1.0 1.0 0.0 0.0 0.0 0.0 0.0	1
W08-0112	J96-2004	1.0 1.0 0.0 0.0 0.0 0.0 0.0	1
W08-0309	J96-2004	1.0 1.0 0.0 1.0 0.0 0.0 0.0	1
D09-1150	J96-2004	1.0 1.0 0.0 0.0 0.0 0.0 0.0	1
D09-1155	J96-2004	1.0 1.0 0.0 0.0 0.0 1.0 0.0	1
P09-1094	J96-2004	1.0 1.0 0.0 0.0 0.0 0.0 0.0	1
P09-1095	J96-2004	1.0 1.0 0.0 0.0 0.0 0.0 0.0	1
P09-1101	J96-2004	1.0 1.0 0.0 0.0 0.0 0.0 0.0	1
P09-2044	J96-2004	1.0 1.0 0.0 0.0 0.0 0.0 0.0	1
W09-2109	J96-2004	1.0 1.0 0.0 0.0 0.0 0.0 0.0	1
N03-1024	N03-1003	1.0 9.0 0.0 0.0 1.0 0.0 0.0	1
W03-1602	N03-1003	1.0 1.0 0.0 0.0 0.0 1.0 1.0	1
W03-1605	N03-1003	1.0 1.0 0.0 0.0 0.0 1.0 0.0	1
W03-1608	N03-1003	1.0 10.0 0.0 0.0 0.0 0.0 0.0	1
C04-1051	N03-1003	4.0 5.0 0.0 0.0 2.0 3.0 0.0	0
N04-1015	N03-1003	1.0 4.0 0.0 0.0 0.0 0.0 0.0	1
N04-1031	N03-1003	2.0 2.0 0.0 0.0 0.0 1.0 0.0	1
P04-1077	N03-1003	1.0 1.0 0.0 0.0 0.0 0.0 0.0	1
P04-2006	N03-1003	1.0 1.0 0.0 0.0 0.0 0.0 0.0	0
W04-0910	N03-1003	1.0 2.0 0.0 0.0 0.0 1.0 0.0	1
I05-5001	N03-1003	6.0 6.0 0.0 0.0 1.0 2.0 0.0	0
I05-5002	N03-1003	2.0 5.0 0.0 0.0 1.0 2.0 0.0	1
I05-5004	N03-1003	2.0 2.0 0.0 0.0 0.0 2.0 0.0	1
I05-5007	N03-1003	3.0 4.0 0.0 0.0 0.0 3.0 1.0	1
I05-5008	N03-1003	0.0 0.0 0.0 0.0 0.0 0.0 0.0	1
P05-1074	N03-1003	2.0 5.0 0.0 0.0 0.0 2.0 0.0	0
W05-1210	N03-1003	1.0 1.0 0.0 0.0 0.0 1.0 0.0	1
N06-1008	N03-1003	1.0 1.0 0.0 0.0 0.0 1.0 0.0	1
N06-1058	N03-1003	2.0 5.0 0.0 0.0 0.0 2.0 1.0	0
P06-1034	N03-1003	1.0 2.0 0.0 0.0 0.0 1.0 1.0	1
P06-1114	N03-1003	2.0 3.0 0.0 0.0 0.0 0.0 1.0	1
P06-2027	N03-1003	2.0 2.0 0.0 0.0 0.0 2.0 0.0	1
P06-2070	N03-1003	1.0 1.0 0.0 0.0 0.0 1.0 0.0	1
P06-2096	N03-1003	2.0 6.0 0.0 0.0 0.0 1.0 2.0	0
W06-1403	N03-1003	1.0 1.0 0.0 0.0 0.0 0.0 0.0	1
W06-1603	N03-1003	1.0 1.0 0.0 0.0 0.0 0.0 0.0	0
P07-1058	N03-1003	3.0 3.0 0.0 0.0 1.0 3.0 2.0	0
W07-0716	N03-1003	2.0 2.0 0.0 0.0 0.0 1.0 0.0	1
W07-0909	N03-1003	1.0 1.0 0.0 0.0 0.0 1.0 1.0	1
W07-1424	N03-1003	2.0 2.0 0.0 0.0 0.0 2.0 0.0	1
W07-1425	N03-1003	1.0 1.0 0.0 0.0 0.0 1.0 0.0	1
W07-1429	N03-1003	16.0 18.0 0.0 0.0 4.0 16.0 0.0	0
C08-1029	N03-1003	1.0 3.0 0.0 0.0 0.0 1.0 1.0	1
C08-1107	N03-1003	1.0 1.0 0.0 0.0 0.0 1.0 0.0	1
C08-1110	N03-1003	1.0 2.0 0.0 0.0 0.0 1.0 0.0	1
I08-1070	N03-1003	1.0 2.0 0.0 0.0 0.0 1.0 1.0	1
I08-2110	N03-1003	1.0 1.0 0.0 0.0 0.0 1.0 1.0	1
P08-1077	N03-1003	1.0 3.0 0.0 0.0 0.0 0.0 1.0	1
P08-1089	N03-1003	4.0 5.0 0.0 0.0 1.0 2.0 2.0	0
P08-1116	N03-1003	3.0 8.0 0.0 0.0 0.0 2.0 0.0	1
W08-0906	N03-1003	3.0 4.0 0.0 0.0 0.0 2.0 0.0	1
W08-1911	N03-1003	1.0 1.0 0.0 0.0 0.0 0.0 0.0	1
D09-1122	N03-1003	3.0 3.0 0.0 0.0 0.0 2.0 0.0	1
E09-1082	N03-1003	1.0 1.0 0.0 0.0 0.0 0.0 0.0	1
N09-3008	N03-1003	1.0 1.0 0.0 0.0 0.0 1.0 1.0	1
P09-1053	N03-1003	1.0 1.0 0.0 0.0 0.0 1.0 0.0	1
P09-1094	N03-1003	1.0 5.0 0.0 0.0 1.0 1.0 0.0	1
P09-2063	N03-1003	1.0 1.0 0.0 0.0 0.0 0.0 0.0	1
P09-3004	N03-1003	2.0 2.0 0.0 0.0 0.0 2.0 0.0	1
W09-0604	N03-1003	1.0 1.0 0.0 0.0 0.0 1.0 0.0	1
W09-2805	N03-1003	2.0 2.0 0.0 0.0 1.0 2.0 0.0	1
P05-1066	N04-1035	1.0 1.0 0.0 0.0 0.0 1.0 0.0	1
P05-3025	N04-1035	2.0 2.0 0.0 0.0 0.0 0.0 0.0	1
W05-0803	N04-1035	1.0 1.0 0.0 0.0 0.0 1.0 0.0	1
N06-1001	N04-1035	1.0 1.0 0.0 0.0 0.0 0.0 1.0	1
N06-1031	N04-1035	2.0 2.0 0.0 0.0 0.0 1.0 0.0	1
N06-1033	N04-1035	4.0 4.0 0.0 0.0 0.0 1.0 2.0	1
N06-3004	N04-1035	4.0 4.0 0.0 0.0 0.0 0.0 1.0	0
P06-1077	N04-1035	1.0 3.0 0.0 0.0 0.0 0.0 0.0	1
P06-1121	N04-1035	8.0 10.0 0.0 0.0 0.0 0.0 1.0	0
P06-1123	N04-1035	3.0 3.0 0.0 0.0 0.0 1.0 2.0	1
W06-3601	N04-1035	5.0 6.0 0.0 0.0 0.0 1.0 1.0	0
W07-1512	N04-1035	1.0 1.0 0.0 0.0 0.0 1.0 0.0	1
C08-1136	N04-1035	1.0 1.0 0.0 0.0 0.0 1.0 1.0	1
C08-1138	N04-1035	5.0 7.0 0.0 0.0 1.0 1.0 1.0	1
D08-1021	N04-1035	1.0 1.0 0.0 0.0 0.0 1.0 0.0	1
D08-1064	N04-1035	1.0 1.0 0.0 0.0 0.0 1.0 0.0	1
D08-1093	N04-1035	1.0 2.0 0.0 0.0 0.0 1.0 0.0	1
P08-1023	N04-1035	2.0 4.0 0.0 0.0 0.0 1.0 0.0	1
W08-0411	N04-1035	3.0 3.0 0.0 0.0 0.0 2.0 2.0	1
D09-1076	N04-1035	4.0 5.0 1.0 0.0 0.0 0.0 0.0	0
D09-1108	N04-1035	2.0 2.0 0.0 1.0 0.0 2.0 0.0	1
D09-1127	N04-1035	3.0 3.0 0.0 0.0 2.0 2.0 0.0	1
D09-1136	N04-1035	2.0 7.0 1.0 0.0 0.0 2.0 0.0	1
N09-1025	N04-1035	1.0 4.0 0.0 0.0 0.0 0.0 0.0	1
N09-1026	N04-1035	2.0 4.0 0.0 0.0 0.0 1.0 0.0	1
N09-1058	N04-1035	1.0 1.0 0.0 0.0 0.0 1.0 0.0	1
P09-1020	N04-1035	2.0 2.0 0.0 0.0 0.0 1.0 0.0	1
P09-1063	N04-1035	2.0 4.0 0.0 0.0 0.0 0.0 1.0	0
P09-1064	N04-1035	1.0 3.0 0.0 0.0 0.0 0.0 0.0	1
P09-1108	N04-1035	1.0 3.0 0.0 0.0 0.0 0.0 0.0	1
W09-2306	N04-1035	3.0 3.0 0.0 0.0 0.0 2.0 0.0	1
P06-1043	N06-1020	7.0 9.0 2.0 0.0 0.0 0.0 0.0	0
P06-1109	N06-1020	2.0 2.0 0.0 0.0 0.0 0.0 0.0	1
N07-1070	N06-1020	3.0 3.0 0.0 0.0 0.0 1.0 1.0	1
N07-2045	N06-1020	1.0 1.0 0.0 0.0 0.0 1.0 0.0	1
P07-1036	N06-1020	1.0 1.0 0.0 0.0 0.0 0.0 0.0	1
P07-1049	N06-1020	1.0 1.0 0.0 0.0 0.0 0.0 0.0	1
P07-1051	N06-1020	2.0 2.0 0.0 0.0 0.0 1.0 0.0	1
P07-1078	N06-1020	8.0 8.0 1.0 0.0 0.0 5.0 0.0	0
W07-1033	N06-1020	1.0 1.0 0.0 0.0 0.0 0.0 0.0	1
C08-1071	N06-1020	12.0 13.0 0.0 0.0 2.0 4.0 0.0	0
D08-1071	N06-1020	2.0 2.0 0.0 0.0 0.0 1.0 0.0	1
I08-2097	N06-1020	2.0 3.0 0.0 0.0 0.0 1.0 0.0	1
P08-1037	N06-1020	1.0 1.0 0.0 0.0 0.0 1.0 1.0	1
P08-1067	N06-1020	2.0 2.0 0.0 0.0 1.0 0.0 1.0	1
P08-2026	N06-1020	4.0 6.0 0.0 0.0 1.0 1.0 2.0	0
W08-1122	N06-1020	1.0 1.0 0.0 0.0 0.0 1.0 0.0	1
D09-1087	N06-1020	2.0 2.0 0.0 1.0 0.0 1.0 0.0	0
D09-1160	N06-1020	2.0 2.0 0.0 0.0 1.0 2.0 0.0	1
D09-1161	N06-1020	3.0 3.0 0.0 0.0 0.0 1.0 0.0	1
E09-1033	N06-1020	1.0 1.0 0.0 1.0 0.0 0.0 0.0	1
E09-1090	N06-1020	1.0 1.0 0.0 0.0 0.0 0.0 0.0	1
E09-3005	N06-1020	6.0 6.0 0.0 0.0 1.0 5.0 0.0	0
P09-1006	N06-1020	4.0 4.0 0.0 1.0 0.0 3.0 0.0	0
P09-1108	N06-1020	1.0 1.0 0.0 0.0 0.0 1.0 0.0	1
W09-1008	N06-1020	1.0 1.0 0.0 0.0 0.0 1.0 0.0	1
W09-1104	N06-1020	1.0 1.0 0.0 0.0 0.0 1.0 1.0	1
W09-2201	N06-1020	1.0 1.0 0.0 0.0 0.0 1.0 0.0	1
W09-2205	N06-1020	7.0 7.0 0.0 0.0 2.0 6.0 0.0	0
W02-1011	P02-1053	6.0 7.0 0.0 0.0 1.0 2.0 0.0	0
N03-1025	P02-1053	2.0 2.0 0.0 0.0 0.0 2.0 1.0	1
W03-0404	P02-1053	3.0 3.0 0.0 0.0 0.0 3.0 0.0	1
W03-1014	P02-1053	2.0 2.0 0.0 0.0 1.0 2.0 0.0	1
W03-1017	P02-1053	5.0 5.0 0.0 1.0 0.0 2.0 0.0	0
C04-1071	P02-1053	1.0 1.0 0.0 0.0 0.0 1.0 1.0	1
C04-1121	P02-1053	1.0 1.0 0.0 0.0 0.0 0.0 0.0	1
C04-1145	P02-1053	1.0 19.0 0.0 0.0 0.0 1.0 1.0	1
C04-1200	P02-1053	1.0 1.0 0.0 0.0 0.0 1.0 0.0	1
P04-1034	P02-1053	3.0 15.0 0.0 0.0 0.0 0.0 0.0	0
P04-1035	P02-1053	1.0 1.0 0.0 0.0 0.0 1.0 0.0	1
P04-3025	P02-1053	2.0 7.0 0.0 0.0 0.0 1.0 1.0	0
H05-1043	P02-1053	4.0 7.0 0.0 0.0 0.0 3.0 1.0	1
H05-1044	P02-1053	2.0 3.0 0.0 0.0 0.0 2.0 0.0	1
H05-1045	P02-1053	1.0 1.0 0.0 0.0 0.0 0.0 1.0	1
H05-1071	P02-1053	1.0 4.0 0.0 0.0 0.0 1.0 0.0	1
H05-1073	P02-1053	1.0 1.0 0.0 0.0 0.0 1.0 0.0	1
H05-1116	P02-1053	1.0 1.0 0.0 0.0 0.0 0.0 1.0	1
I05-2011	P02-1053	1.0 1.0 0.0 0.0 0.0 0.0 0.0	1
I05-2030	P02-1053	1.0 1.0 0.0 0.0 0.0 1.0 0.0	1
P05-1015	P02-1053	3.0 3.0 0.0 0.0 2.0 3.0 0.0	1
P05-2008	P02-1053	1.0 1.0 0.0 0.0 0.0 0.0 1.0	1
W05-0408	P02-1053	9.0 14.0 0.0 0.0 0.0 0.0 0.0	0
E06-1025	P02-1053	2.0 8.0 0.0 0.0 0.0 2.0 0.0	1
E06-1026	P02-1053	2.0 5.0 0.0 0.0 0.0 1.0 1.0	1
J06-3003	P02-1053	2.0 63.0 0.0 0.0 1.0 2.0 0.0	1
N06-1026	P02-1053	1.0 1.0 0.0 0.0 0.0 0.0 0.0	1
P06-1034	P02-1053	1.0 1.0 0.0 0.0 0.0 1.0 0.0	1
P06-1134	P02-1053	2.0 2.0 0.0 0.0 0.0 2.0 1.0	1
P06-2059	P02-1053	2.0 3.0 0.0 0.0 0.0 1.0 1.0	0
P06-2063	P02-1053	3.0 3.0 0.0 0.0 0.0 2.0 1.0	1
P06-2079	P02-1053	3.0 3.0 0.0 0.0 1.0 0.0 0.0	1
P06-2081	P02-1053	2.0 2.0 0.0 0.0 1.0 1.0 0.0	1
W06-0301	P02-1053	1.0 1.0 0.0 0.0 0.0 1.0 1.0	1
W06-0302	P02-1053	1.0 1.0 0.0 0.0 0.0 0.0 0.0	1
W06-0305	P02-1053	1.0 1.0 0.0 0.0 1.0 1.0 1.0	1
W06-0306	P02-1053	1.0 1.0 0.0 0.0 1.0 1.0 0.0	1
W06-0308	P02-1053	1.0 12.0 1.0 0.0 0.0 0.0 0.0	1
W06-1613	P02-1053	1.0 1.0 0.0 0.0 0.0 0.0 0.0	1
W06-1639	P02-1053	1.0 1.0 0.0 0.0 0.0 1.0 0.0	1
W06-1640	P02-1053	1.0 1.0 0.0 0.0 0.0 0.0 1.0	1
W06-1641	P02-1053	1.0 3.0 0.0 0.0 0.0 0.0 0.0	1
W06-1642	P02-1053	2.0 2.0 0.0 0.0 0.0 0.0 1.0	1
W06-1650	P02-1053	2.0 2.0 0.0 0.0 0.0 1.0 0.0	1
W06-1652	P02-1053	1.0 1.0 0.0 0.0 1.0 1.0 0.0	1
W06-1664	P02-1053	1.0 4.0 0.0 0.0 0.0 0.0 0.0	1
W06-3301	P02-1053	1.0 1.0 0.0 0.0 0.0 1.0 0.0	1
W06-3808	P02-1053	1.0 1.0 0.0 0.0 0.0 1.0 0.0	1
D07-1113	P02-1053	2.0 2.0 0.0 0.0 0.0 0.0 0.0	1
D07-1114	P02-1053	1.0 1.0 0.0 0.0 0.0 1.0 0.0	1
D07-1115	P02-1053	9.0 14.0 0.0 0.0 1.0 1.0 0.0	0
N07-1037	P02-1053	1.0 5.0 0.0 0.0 0.0 0.0 1.0	1
N07-1038	P02-1053	2.0 2.0 0.0 0.0 1.0 2.0 1.0	1
N07-1039	P02-1053	2.0 2.0 0.0 0.0 0.0 1.0 2.0	1
N07-2048	P02-1053	2.0 5.0 0.0 0.0 0.0 0.0 0.0	0
N07-4010	P02-1053	1.0 1.0 0.0 0.0 0.0 1.0 1.0	1
P07-1053	P02-1053	2.0 3.0 0.0 0.0 1.0 1.0 1.0	1
P07-1055	P02-1053	2.0 2.0 0.0 0.0 1.0 2.0 1.0	1
P07-1056	P02-1053	3.0 3.0 0.0 1.0 1.0 1.0 0.0	1
P07-1123	P02-1053	1.0 1.0 0.0 0.0 0.0 1.0 0.0	1
P07-1124	P02-1053	2.0 2.0 0.0 0.0 0.0 1.0 0.0	1
P07-3007	P02-1053	1.0 1.0 0.0 0.0 0.0 0.0 0.0	1
W07-1515	P02-1053	1.0 1.0 1.0 0.0 0.0 0.0 0.0	1
W07-2064	P02-1053	1.0 3.0 0.0 0.0 0.0 0.0 0.0	1
W07-2072	P02-1053	8.0 9.0 0.0 0.0 1.0 1.0 0.0	0
C08-1024	P02-1053	1.0 1.0 0.0 0.0 0.0 1.0 0.0	1
C08-1031	P02-1053	3.0 3.0 0.0 0.0 0.0 2.0 0.0	1
C08-1052	P02-1053	1.0 1.0 0.0 0.0 0.0 1.0 0.0	1
C08-1103	P02-1053	1.0 1.0 0.0 0.0 0.0 0.0 0.0	1
C08-1111	P02-1053	2.0 2.0 0.0 0.0 0.0 2.0 0.0	1
C08-1135	P02-1053	2.0 3.0 0.0 0.0 1.0 0.0 0.0	1
D08-1058	P02-1053	1.0 1.0 0.0 0.0 0.0 0.0 0.0	1
I08-1040	P02-1053	3.0 3.0 0.0 0.0 2.0 2.0 1.0	1
P08-1034	P02-1053	2.0 2.0 0.0 1.0 1.0 2.0 0.0	1
P08-1036	P02-1053	1.0 1.0 0.0 0.0 0.0 1.0 0.0	1
D09-1017	P02-1053	1.0 1.0 0.0 0.0 0.0 1.0 0.0	1
D09-1019	P02-1053	2.0 2.0 0.0 1.0 0.0 2.0 0.0	1
D09-1020	P02-1053	1.0 1.0 0.0 0.0 0.0 1.0 1.0	1
D09-1061	P02-1053	1.0 1.0 0.0 0.0 1.0 0.0 1.0	1
D09-1063	P02-1053	1.0 12.0 0.0 0.0 0.0 1.0 0.0	1
E09-1004	P02-1053	1.0 1.0 0.0 0.0 0.0 1.0 0.0	1
N09-1001	P02-1053	0.0 1.0 0.0 0.0 0.0 0.0 0.0	1
N09-1002	P02-1053	1.0 1.0 0.0 0.0 0.0 1.0 0.0	1
N09-1055	P02-1053	1.0 2.0 0.0 0.0 0.0 1.0 0.0	0
N09-1056	P02-1053	1.0 1.0 0.0 0.0 0.0 1.0 0.0	1
N09-2046	P02-1053	1.0 1.0 0.0 0.0 0.0 1.0 0.0	1
N09-3013	P02-1053	1.0 1.0 0.0 0.0 0.0 1.0 1.0	1
P09-1027	P02-1053	1.0 1.0 0.0 0.0 0.0 0.0 0.0	1
P09-1028	P02-1053	1.0 1.0 0.0 0.0 0.0 1.0 0.0	1
P09-1079	P02-1053	1.0 1.0 0.0 0.0 1.0 0.0 1.0	1
P09-2041	P02-1053	1.0 1.0 0.0 0.0 0.0 1.0 0.0	1
P09-2043	P02-1053	1.0 1.0 0.0 0.0 0.0 1.0 0.0	1
W09-1606	P02-1053	1.0 1.0 0.0 0.0 0.0 0.0 0.0	1
W09-1703	P02-1053	2.0 2.0 0.0 0.0 0.0 2.0 0.0	1
W09-1904	P02-1053	1.0 1.0 0.0 0.0 0.0 1.0 0.0	1
W04-0303	P04-1015	3.0 5.0 0.0 0.0 0.0 2.0 1.0	1
H05-1102	P04-1015	2.0 8.0 0.0 0.0 0.0 2.0 0.0	1
P05-1012	P04-1015	4.0 22.0 0.0 0.0 1.0 2.0 0.0	0
P05-1023	P04-1015	3.0 8.0 0.0 0.0 0.0 3.0 0.0	1
W05-1505	P04-1015	3.0 27.0 0.0 0.0 0.0 3.0 0.0	1
W05-1515	P04-1015	4.0 11.0 0.0 0.0 1.0 2.0 0.0	1
E06-1011	P04-1015	1.0 4.0 0.0 0.0 0.0 1.0 0.0	1
N06-1045	P04-1015	1.0 1.0 0.0 0.0 0.0 0.0 0.0	1
P06-1096	P04-1015	1.0 2.0 0.0 0.0 0.0 1.0 0.0	1
P06-1110	P04-1015	5.0 11.0 0.0 0.0 1.0 3.0 1.0	0
W06-1628	P04-1015	2.0 8.0 0.0 0.0 0.0 2.0 1.0	1
W06-2936	P04-1015	2.0 2.0 0.0 0.0 0.0 2.0 0.0	1
W06-3603	P04-1015	2.0 5.0 0.0 0.0 1.0 2.0 1.0	1
D07-1009	P04-1015	1.0 4.0 0.0 0.0 0.0 1.0 0.0	1
D07-1033	P04-1015	6.0 30.0 0.0 0.0 0.0 4.0 1.0	0
D07-1129	P04-1015	2.0 2.0 0.0 0.0 0.0 2.0 0.0	1
N07-1011	P04-1015	1.0 1.0 0.0 0.0 0.0 0.0 0.0	1
P07-1069	P04-1015	3.0 4.0 0.0 0.0 0.0 2.0 0.0	1
P07-1096	P04-1015	4.0 10.0 0.0 0.0 0.0 4.0 1.0	1
P07-1106	P04-1015	1.0 9.0 0.0 0.0 0.0 0.0 0.0	1
W07-1202	P04-1015	3.0 11.0 0.0 0.0 0.0 2.0 0.0	0
W07-2211	P04-1015	1.0 6.0 0.0 0.0 0.0 0.0 0.0	1
C08-2012	P04-1015	1.0 1.0 0.0 0.0 1.0 1.0 1.0	1
D08-1052	P04-1015	3.0 7.0 0.0 0.0 1.0 3.0 1.0	1
D08-1059	P04-1015	2.0 6.0 0.0 0.0 1.0 1.0 0.0	1
W08-2129	P04-1015	1.0 1.0 0.0 0.0 0.0 0.0 0.0	1
D09-1034	P04-1015	1.0 2.0 0.0 0.0 1.0 1.0 0.0	1
D09-1043	P04-1015	1.0 3.0 0.0 0.0 0.0 0.0 0.0	1
D09-1127	P04-1015	2.0 6.0 0.0 0.0 0.0 0.0 0.0	1
P09-1032	P04-1015	1.0 2.0 0.0 0.0 0.0 1.0 0.0	1
P09-1059	P04-1015	1.0 4.0 0.0 0.0 0.0 1.0 0.0	1
P09-2011	P04-1015	7.0 12.0 0.0 0.0 2.0 4.0 2.0	0
W09-0508	P04-1015	3.0 5.0 0.0 0.0 0.0 1.0 0.0	1
H05-1042	P04-1035	1.0 1.0 0.0 0.0 0.0 1.0 1.0	1
H05-1044	P04-1035	1.0 1.0 0.0 0.0 0.0 1.0 0.0	1
H05-1045	P04-1035	2.0 2.0 0.0 0.0 0.0 0.0 1.0	1
H05-1073	P04-1035	0.0 1.0 0.0 0.0 0.0 0.0 0.0	1
H05-1115	P04-1035	1.0 1.0 0.0 0.0 0.0 1.0 0.0	1
H05-1116	P04-1035	2.0 2.0 0.0 0.0 0.0 0.0 1.0	1
I05-2030	P04-1035	1.0 1.0 0.0 0.0 0.0 1.0 0.0	1
P05-1015	P04-1035	2.0 6.0 0.0 0.0 0.0 0.0 0.0	1
P05-2008	P04-1035	1.0 6.0 0.0 0.0 1.0 0.0 0.0	1
W05-0408	P04-1035	5.0 5.0 0.0 0.0 0.0 0.0 0.0	0
E06-1025	P04-1035	2.0 2.0 0.0 0.0 0.0 2.0 0.0	1
N06-1027	P04-1035	1.0 1.0 0.0 0.0 1.0 1.0 0.0	1
P06-1133	P04-1035	1.0 4.0 0.0 0.0 1.0 1.0 0.0	1
P06-1134	P04-1035	1.0 1.0 0.0 0.0 0.0 1.0 1.0	1
P06-2079	P04-1035	5.0 20.0 0.0 0.0 0.0 0.0 0.0	0
W06-0302	P04-1035	2.0 2.0 0.0 0.0 0.0 0.0 0.0	1
W06-0303	P04-1035	2.0 2.0 0.0 0.0 0.0 2.0 1.0	1
W06-0304	P04-1035	2.0 2.0 0.0 0.0 1.0 2.0 1.0	1
W06-1639	P04-1035	1.0 7.0 0.0 0.0 0.0 1.0 0.0	1
W06-1640	P04-1035	1.0 2.0 0.0 0.0 0.0 0.0 0.0	1
W06-1642	P04-1035	1.0 1.0 0.0 0.0 0.0 1.0 1.0	1
W06-1652	P04-1035	2.0 3.0 0.0 0.0 1.0 2.0 0.0	1
D07-1035	P04-1035	2.0 3.0 0.0 0.0 1.0 1.0 0.0	1
N07-1013	P04-1035	1.0 1.0 0.0 0.0 0.0 1.0 0.0	1
N07-1026	P04-1035	1.0 1.0 0.0 0.0 0.0 1.0 0.0	1
N07-1033	P04-1035	2.0 5.0 0.0 0.0 0.0 1.0 0.0	0
N07-1039	P04-1035	1.0 1.0 0.0 0.0 0.0 1.0 1.0	1
P07-1053	P04-1035	1.0 1.0 0.0 0.0 0.0 1.0 1.0	1
P07-1055	P04-1035	7.0 8.0 0.0 0.0 2.0 2.0 2.0	0
P07-1123	P04-1035	2.0 4.0 0.0 0.0 0.0 2.0 0.0	1
P07-3007	P04-1035	2.0 2.0 0.0 0.0 0.0 0.0 0.0	1
W07-2013	P04-1035	1.0 1.0 0.0 0.0 0.0 1.0 0.0	1
W07-2022	P04-1035	2.0 2.0 0.0 0.0 0.0 2.0 0.0	1
C08-1101	P04-1035	1.0 1.0 0.0 0.0 1.0 1.0 1.0	1
C08-1104	P04-1035	2.0 2.0 0.0 0.0 0.0 1.0 1.0	1
C08-1135	P04-1035	1.0 5.0 0.0 0.0 0.0 0.0 0.0	1
C08-2004	P04-1035	1.0 1.0 0.0 0.0 0.0 1.0 0.0	1
D08-1004	P04-1035	3.0 3.0 0.0 0.0 0.0 1.0 0.0	1
D08-1058	P04-1035	1.0 1.0 0.0 0.0 0.0 1.0 0.0	1
I08-1039	P04-1035	2.0 4.0 0.0 0.0 0.0 1.0 1.0	1
I08-1040	P04-1035	1.0 5.0 0.0 0.0 0.0 1.0 0.0	1
I08-1041	P04-1035	1.0 2.0 0.0 0.0 0.0 1.0 0.0	1
P08-1034	P04-1035	4.0 7.0 0.0 1.0 0.0 2.0 0.0	1
P08-1041	P04-1035	1.0 1.0 0.0 0.0 0.0 1.0 0.0	1
P08-2004	P04-1035	1.0 1.0 0.0 0.0 1.0 1.0 0.0	1
W08-0122	P04-1035	1.0 1.0 0.0 0.0 1.0 1.0 1.0	1
D09-1017	P04-1035	2.0 2.0 0.0 0.0 0.0 2.0 0.0	1
D09-1018	P04-1035	2.0 2.0 0.0 0.0 0.0 1.0 0.0	1
D09-1020	P04-1035	1.0 1.0 0.0 0.0 0.0 1.0 1.0	1
E09-1004	P04-1035	1.0 1.0 0.0 0.0 0.0 1.0 0.0	1
E09-1077	P04-1035	1.0 1.0 0.0 0.0 0.0 0.0 0.0	1
N09-1001	P04-1035	4.0 6.0 0.0 0.0 0.0 3.0 0.0	1
N09-1002	P04-1035	1.0 1.0 0.0 0.0 0.0 1.0 0.0	1
N09-1065	P04-1035	1.0 1.0 0.0 0.0 0.0 0.0 0.0	1
N09-3010	P04-1035	1.0 1.0 0.0 0.0 0.0 0.0 0.0	1
P09-1027	P04-1035	1.0 1.0 0.0 0.0 0.0 1.0 0.0	1
P09-1028	P04-1035	1.0 6.0 0.0 0.0 0.0 0.0 1.0	1
P09-1078	P04-1035	2.0 4.0 0.0 0.0 0.0 1.0 0.0	1
P09-1079	P04-1035	1.0 2.0 0.0 0.0 0.0 0.0 0.0	1
W09-1606	P04-1035	2.0 2.0 0.0 0.0 0.0 0.0 0.0	1
W09-1904	P04-1035	1.0 1.0 0.0 0.0 0.0 1.0 0.0	1
W09-2804	P04-1035	1.0 1.0 0.0 0.0 0.0 0.0 0.0	1
P04-1047	P04-1041	7.0 10.0 1.0 0.0 1.0 1.0 0.0	0
W04-2003	P04-1041	1.0 1.0 0.0 0.0 0.0 1.0 0.0	1
J05-3003	P04-1041	12.0 14.0 0.0 0.0 0.0 3.0 0.0	0
P05-1013	P04-1041	1.0 1.0 0.0 0.0 0.0 1.0 1.0	1
E06-1010	P04-1041	1.0 1.0 0.0 0.0 0.0 1.0 0.0	1
N06-1019	P04-1041	1.0 1.0 0.0 0.0 0.0 1.0 0.0	1
P06-1130	P04-1041	11.0 13.0 0.0 0.0 0.0 0.0 0.0	0
P06-2018	P04-1041	4.0 5.0 0.0 1.0 0.0 1.0 0.0	0
D07-1027	P04-1041	12.0 14.0 0.0 0.0 1.0 2.0 2.0	0
D07-1028	P04-1041	1.0 17.0 0.0 0.0 0.0 0.0 0.0	1
N07-2031	P04-1041	1.0 1.0 0.0 0.0 0.0 0.0 0.0	1
P07-1032	P04-1041	1.0 1.0 0.0 0.0 0.0 1.0 0.0	1
W07-0411	P04-1041	3.0 3.0 0.0 0.0 0.0 0.0 0.0	0
W07-0714	P04-1041	3.0 3.0 0.0 0.0 0.0 0.0 0.0	0
W07-2206	P04-1041	1.0 1.0 0.0 0.0 0.0 1.0 0.0	1
W07-2211	P04-1041	1.0 1.0 0.0 0.0 0.0 0.0 0.0	1
C08-1038	P04-1041	2.0 9.0 0.0 0.0 0.0 1.0 0.0	1
W08-1122	P04-1041	2.0 6.0 0.0 0.0 0.0 0.0 0.0	1
W08-1306	P04-1041	1.0 1.0 0.0 0.0 0.0 0.0 0.0	1
D09-1085	P04-1041	2.0 3.0 0.0 0.0 0.0 1.0 0.0	1
W09-2605	P04-1041	1.0 1.0 0.0 0.0 1.0 0.0 0.0	1
N06-1054	P05-1045	3.0 3.0 0.0 0.0 0.0 1.0 0.0	1
P06-1059	P05-1045	3.0 6.0 0.0 0.0 0.0 0.0 0.0	1
P06-1089	P05-1045	4.0 4.0 0.0 0.0 0.0 1.0 2.0	0
P06-1141	P05-1045	12.0 13.0 0.0 0.0 0.0 4.0 3.0	0
P06-2054	P05-1045	1.0 2.0 0.0 0.0 1.0 1.0 1.0	1
W06-1643	P05-1045	1.0 1.0 0.0 0.0 0.0 1.0 0.0	1
W06-1655	P05-1045	1.0 1.0 0.0 0.0 0.0 1.0 1.0	1
D07-1033	P05-1045	9.0 10.0 0.0 0.0 2.0 5.0 1.0	0
W07-2058	P05-1045	1.0 1.0 0.0 0.0 0.0 0.0 0.0	1
C08-1061	P05-1045	1.0 2.0 0.0 0.0 0.0 0.0 0.0	1
I08-4013	P05-1045	1.0 1.0 0.0 0.0 1.0 1.0 0.0	1
I08-6004	P05-1045	1.0 1.0 0.0 0.0 0.0 0.0 1.0	1
P08-4003	P05-1045	1.0 1.0 0.0 0.0 0.0 1.0 0.0	1
D09-1016	P05-1045	2.0 2.0 1.0 0.0 0.0 0.0 0.0	1
D09-1057	P05-1045	2.0 2.0 0.0 0.0 0.0 0.0 0.0	1
D09-1101	P05-1045	1.0 1.0 0.0 0.0 0.0 0.0 0.0	1
D09-1119	P05-1045	1.0 1.0 0.0 0.0 0.0 1.0 0.0	1
D09-1120	P05-1045	1.0 5.0 1.0 0.0 0.0 0.0 0.0	1
D09-1158	P05-1045	1.0 2.0 0.0 0.0 0.0 0.0 0.0	1
E09-1007	P05-1045	1.0 1.0 0.0 0.0 0.0 1.0 0.0	1
E09-1011	P05-1045	1.0 1.0 0.0 0.0 0.0 1.0 0.0	1
E09-1037	P05-1045	1.0 1.0 0.0 0.0 1.0 1.0 0.0	1
E09-1091	P05-1045	1.0 1.0 0.0 1.0 0.0 0.0 0.0	1
N09-1037	P05-1045	1.0 6.0 0.0 0.0 0.0 0.0 0.0	1
N09-1068	P05-1045	1.0 6.0 0.0 0.0 0.0 0.0 0.0	1
P09-1113	P05-1045	1.0 1.0 0.0 0.0 0.0 0.0 0.0	1
P09-2041	P05-1045	1.0 1.0 0.0 0.0 0.0 0.0 0.0	1
W09-0422	P05-1045	1.0 1.0 0.0 0.0 0.0 0.0 0.0	1
W09-1119	P05-1045	2.0 2.0 0.0 0.0 0.0 1.0 0.0	1
W09-1218	P05-1045	1.0 1.0 0.0 0.0 0.0 1.0 0.0	1
C08-1003	P07-1033	2.0 0.0 0.0 0.0 0.0 0.0 0.0	1
C08-1015	P07-1033	1.0 0.0 0.0 0.0 0.0 0.0 0.0	1
C08-1059	P07-1033	1.0 0.0 0.0 0.0 0.0 0.0 0.0	1
D08-1105	P07-1033	3.0 0.0 0.0 0.0 0.0 0.0 2.0	0
I08-2097	P07-1033	1.0 0.0 0.0 0.0 0.0 0.0 0.0	1
P08-1029	P07-1033	2.0 0.0 0.0 0.0 0.0 1.0 0.0	1
D09-1086	P07-1033	0.0 0.0 0.0 0.0 0.0 0.0 0.0	1
D09-1158	P07-1033	2.0 0.0 0.0 1.0 0.0 1.0 0.0	0
E09-1006	P07-1033	3.0 0.0 0.0 0.0 0.0 0.0 0.0	1
E09-3005	P07-1033	6.0 0.0 0.0 0.0 0.0 4.0 0.0	1
N09-1032	P07-1033	1.0 0.0 0.0 0.0 0.0 0.0 0.0	1
N09-1068	P07-1033	9.0 0.0 0.0 1.0 1.0 1.0 1.0	0
P09-1056	P07-1033	1.0 0.0 0.0 0.0 0.0 1.0 0.0	1
P09-1059	P07-1033	3.0 0.0 0.0 0.0 0.0 2.0 0.0	1
P09-1087	P07-1033	1.0 0.0 0.0 0.0 0.0 0.0 0.0	1
P09-1114	P07-1033	3.0 0.0 0.0 1.0 0.0 2.0 0.0	1
P09-2079	P07-1033	1.0 0.0 0.0 0.0 0.0 0.0 1.0	1
W09-2420	P07-1033	1.0 0.0 0.0 0.0 0.0 0.0 0.0	1
E91-1038	P90-1034	0.0 1.0 0.0 0.0 0.0 0.0 0.0	1
P91-1017	P90-1034	3.0 3.0 0.0 0.0 0.0 2.0 0.0	1
P91-1027	P90-1034	3.0 5.0 0.0 0.0 0.0 1.0 0.0	1
A92-1013	P90-1034	4.0 11.0 0.0 0.0 0.0 3.0 0.0	0
C92-2082	P90-1034	1.0 1.0 0.0 0.0 0.0 1.0 0.0	1
P92-1028	P90-1034	2.0 5.0 0.0 0.0 0.0 1.0 0.0	1
H93-1049	P90-1034	3.0 3.0 0.0 0.0 0.0 0.0 0.0	1
J93-2002	P90-1034	2.0 4.0 0.0 0.0 1.0 2.0 0.0	1
J93-2005	P90-1034	4.0 7.0 0.0 0.0 0.0 1.0 1.0	0
P93-1022	P90-1034	2.0 2.0 0.0 0.0 0.0 1.0 0.0	1
P93-1024	P90-1034	1.0 4.0 0.0 0.0 0.0 0.0 0.0	0
W93-0107	P90-1034	1.0 1.0 0.0 0.0 0.0 0.0 0.0	0
W93-0113	P90-1034	2.0 4.0 0.0 0.0 0.0 0.0 0.0	1
A94-1011	P90-1034	1.0 1.0 0.0 0.0 0.0 1.0 0.0	1
C94-1074	P90-1034	1.0 1.0 0.0 0.0 1.0 1.0 1.0	1
J94-4003	P90-1034	3.0 4.0 0.0 0.0 0.0 2.0 0.0	1
P94-1032	P90-1034	1.0 2.0 0.0 0.0 0.0 1.0 0.0	1
C96-1003	P90-1034	1.0 1.0 0.0 0.0 0.0 1.0 0.0	1
C96-1083	P90-1034	5.0 8.0 0.0 0.0 0.0 1.0 1.0	0
C96-2205	P90-1034	2.0 2.0 0.0 0.0 0.0 0.0 0.0	0
P97-1066	P90-1034	2.0 2.0 0.0 0.0 0.0 2.0 0.0	1
W97-0205	P90-1034	1.0 1.0 0.0 0.0 0.0 1.0 0.0	1
W97-0803	P90-1034	3.0 3.0 0.0 0.0 0.0 0.0 0.0	1
C98-2122	P90-1034	4.0 9.0 0.0 0.0 0.0 1.0 0.0	0
J98-4002	P90-1034	1.0 1.0 0.0 0.0 0.0 0.0 0.0	1
W98-0704	P90-1034	1.0 2.0 0.0 0.0 1.0 0.0 0.0	0
E99-1013	P90-1034	2.0 3.0 0.0 0.0 0.0 1.0 0.0	1
P99-1004	P90-1034	1.0 2.0 0.0 1.0 0.0 1.0 0.0	1
C00-2104	P90-1034	1.0 2.0 0.0 0.0 0.0 0.0 0.0	1
W02-1107	P90-1034	1.0 1.0 0.0 0.0 0.0 1.0 0.0	1
N03-1015	P90-1034	1.0 1.0 0.0 0.0 0.0 1.0 0.0	1
N03-4011	P90-1034	1.0 1.0 0.0 0.0 0.0 1.0 1.0	1
W03-1610	P90-1034	1.0 1.0 0.0 0.0 0.0 1.0 0.0	1
C04-1036	P90-1034	2.0 2.0 0.0 0.0 1.0 2.0 0.0	1
C04-1111	P90-1034	2.0 2.0 0.0 0.0 0.0 0.0 0.0	1
C04-1116	P90-1034	2.0 2.0 0.0 0.0 1.0 2.0 1.0	1
C04-1165	P90-1034	1.0 1.0 0.0 0.0 0.0 0.0 0.0	1
J04-3002	P90-1034	1.0 1.0 0.0 0.0 0.0 1.0 1.0	1
N04-1041	P90-1034	1.0 1.0 0.0 0.0 0.0 1.0 1.0	1
W04-1216	P90-1034	1.0 1.0 0.0 0.0 0.0 1.0 0.0	1
J05-4002	P90-1034	3.0 7.0 0.0 0.0 0.0 2.0 0.0	1
P05-1016	P90-1034	1.0 1.0 0.0 0.0 1.0 1.0 0.0	1
P05-1077	P90-1034	1.0 1.0 0.0 0.0 0.0 1.0 0.0	1
W05-1504	P90-1034	1.0 1.0 0.0 0.0 1.0 1.0 0.0	1
W05-1516	P90-1034	1.0 1.0 0.0 0.0 0.0 1.0 0.0	1
P06-1015	P90-1034	1.0 1.0 0.0 0.0 0.0 1.0 0.0	1
P06-1045	P90-1034	2.0 2.0 0.0 0.0 0.0 1.0 0.0	1
P06-1072	P90-1034	1.0 1.0 0.0 0.0 0.0 0.0 0.0	1
P06-1100	P90-1034	1.0 1.0 0.0 0.0 0.0 1.0 0.0	1
P06-1101	P90-1034	1.0 1.0 0.0 0.0 0.0 0.0 0.0	1
P06-1102	P90-1034	1.0 1.0 0.0 0.0 0.0 1.0 0.0	1
P06-1116	P90-1034	1.0 2.0 0.0 0.0 0.0 1.0 0.0	1
W06-2904	P90-1034	1.0 1.0 0.0 0.0 0.0 1.0 0.0	1
N07-1016	P90-1034	1.0 1.0 0.0 0.0 0.0 0.0 0.0	1
P07-1028	P90-1034	1.0 5.0 0.0 0.0 0.0 0.0 0.0	1
P07-1057	P90-1034	1.0 1.0 0.0 0.0 0.0 0.0 1.0	1
C08-1051	P90-1034	1.0 1.0 0.0 0.0 0.0 1.0 0.0	1
I08-1060	P90-1034	1.0 1.0 0.0 0.0 0.0 1.0 0.0	1
I08-1072	P90-1034	1.0 1.0 0.0 0.0 1.0 1.0 0.0	1
P08-1002	P90-1034	1.0 1.0 0.0 0.0 0.0 1.0 0.0	1
P08-2008	P90-1034	1.0 1.0 0.0 0.0 0.0 0.0 0.0	1
P08-3001	P90-1034	1.0 1.0 0.0 0.0 1.0 1.0 0.0	1
E09-1086	P90-1034	1.0 1.0 0.0 0.0 0.0 0.0 0.0	1
N09-3007	P90-1034	1.0 1.0 0.0 0.0 0.0 0.0 0.0	1
P09-1052	P90-1034	1.0 1.0 0.0 0.0 0.0 1.0 0.0	1
P09-2018	P90-1034	1.0 1.0 0.0 0.0 0.0 1.0 1.0	1
W03-0404	W02-1011	2.0 2.0 0.0 0.0 0.0 1.0 0.0	1
W03-1014	W02-1011	2.0 2.0 0.0 1.0 0.0 1.0 0.0	1
W03-1017	W02-1011	3.0 3.0 0.0 0.0 0.0 1.0 0.0	1
C04-1071	W02-1011	1.0 1.0 0.0 0.0 0.0 1.0 1.0	1
C04-1200	W02-1011	1.0 1.0 0.0 0.0 0.0 1.0 0.0	1
J04-3002	W02-1011	2.0 2.0 0.0 0.0 0.0 2.0 0.0	1
P04-1034	W02-1011	2.0 6.0 0.0 0.0 0.0 0.0 0.0	1
P04-3025	W02-1011	2.0 2.0 0.0 0.0 0.0 0.0 2.0	1
W04-0509	W02-1011	2.0 3.0 0.0 0.0 1.0 0.0 0.0	1
H05-1043	W02-1011	1.0 1.0 0.0 0.0 0.0 1.0 0.0	1
H05-1045	W02-1011	1.0 2.0 0.0 0.0 0.0 0.0 1.0	1
W05-0408	W02-1011	3.0 5.0 0.0 0.0 0.0 0.0 0.0	1
N06-3005	W02-1011	1.0 1.0 0.0 0.0 1.0 1.0 0.0	1
P06-1133	W02-1011	1.0 4.0 0.0 0.0 0.0 1.0 0.0	1
P06-2059	W02-1011	4.0 4.0 0.0 1.0 0.0 1.0 2.0	0
P06-2063	W02-1011	1.0 2.0 0.0 0.0 0.0 1.0 1.0	1
P06-2079	W02-1011	6.0 20.0 0.0 1.0 1.0 0.0 0.0	0
P06-2081	W02-1011	3.0 6.0 0.0 0.0 1.0 1.0 0.0	1
W06-0301	W02-1011	1.0 1.0 0.0 0.0 0.0 1.0 1.0	1
W06-0305	W02-1011	1.0 1.0 0.0 0.0 1.0 1.0 1.0	1
W06-0306	W02-1011	1.0 1.0 0.0 0.0 1.0 1.0 0.0	1
W06-1639	W02-1011	2.0 7.0 0.0 0.0 0.0 1.0 0.0	1
W06-1641	W02-1011	2.0 2.0 0.0 0.0 0.0 2.0 0.0	1
W06-1652	W02-1011	2.0 3.0 0.0 0.0 1.0 1.0 0.0	1
W06-2915	W02-1011	2.0 2.0 0.0 0.0 1.0 2.0 0.0	1
D07-1035	W02-1011	2.0 3.0 0.0 0.0 1.0 1.0 1.0	1
D07-1114	W02-1011	1.0 1.0 0.0 0.0 0.0 1.0 0.0	1
N07-1033	W02-1011	2.0 5.0 0.0 0.0 0.0 1.0 0.0	1
N07-1038	W02-1011	3.0 5.0 0.0 0.0 1.0 2.0 1.0	1
N07-1039	W02-1011	1.0 1.0 0.0 0.0 0.0 1.0 1.0	1
P07-1053	W02-1011	1.0 1.0 0.0 0.0 0.0 1.0 1.0	1
P07-1055	W02-1011	2.0 8.0 0.0 0.0 1.0 2.0 1.0	1
P07-1056	W02-1011	4.0 5.0 0.0 0.0 2.0 1.0 0.0	0
P07-1123	W02-1011	3.0 4.0 0.0 0.0 0.0 2.0 0.0	1
P07-2023	W02-1011	1.0 1.0 0.0 0.0 0.0 1.0 0.0	1
P07-3012	W02-1011	1.0 1.0 0.0 0.0 0.0 1.0 0.0	1
W07-1515	W02-1011	1.0 1.0 0.0 0.0 0.0 1.0 0.0	1
C08-1031	W02-1011	2.0 2.0 0.0 0.0 0.0 2.0 0.0	1
C08-1104	W02-1011	1.0 2.0 0.0 0.0 0.0 1.0 1.0	1
C08-1111	W02-1011	1.0 1.0 0.0 0.0 0.0 1.0 0.0	1
D08-1004	W02-1011	1.0 3.0 0.0 0.0 0.0 1.0 0.0	1
D08-1058	W02-1011	1.0 1.0 0.0 0.0 0.0 1.0 0.0	1
I08-1039	W02-1011	2.0 4.0 0.0 0.0 0.0 2.0 2.0	1
I08-1040	W02-1011	2.0 5.0 0.0 0.0 1.0 2.0 1.0	1
I08-1041	W02-1011	2.0 2.0 0.0 0.0 0.0 2.0 0.0	1
L08-1616	W02-1011	0.0 0.0 0.0 0.0 0.0 0.0 0.0	1
P08-1034	W02-1011	2.0 7.0 0.0 1.0 0.0 1.0 0.0	1
P08-1036	W02-1011	1.0 1.0 0.0 0.0 0.0 1.0 0.0	1
P08-2034	W02-1011	2.0 2.0 0.0 0.0 0.0 1.0 0.0	1
P08-2065	W02-1011	3.0 3.0 0.0 0.0 0.0 0.0 0.0	1
D09-1017	W02-1011	1.0 2.0 0.0 0.0 0.0 1.0 0.0	1
D09-1019	W02-1011	2.0 3.0 0.0 1.0 0.0 2.0 0.0	1
D09-1061	W02-1011	2.0 2.0 0.0 0.0 0.0 1.0 0.0	1
D09-1159	W02-1011	2.0 2.0 0.0 0.0 1.0 2.0 1.0	1
E09-1046	W02-1011	1.0 1.0 0.0 0.0 0.0 1.0 0.0	1
N09-1001	W02-1011	3.0 6.0 0.0 0.0 0.0 3.0 0.0	1
N09-1031	W02-1011	2.0 2.0 0.0 0.0 0.0 2.0 0.0	1
N09-1055	W02-1011	1.0 1.0 0.0 0.0 0.0 1.0 0.0	1
N09-1056	W02-1011	1.0 6.0 0.0 0.0 0.0 1.0 0.0	1
N09-2046	W02-1011	1.0 1.0 0.0 0.0 0.0 1.0 0.0	1
P09-1027	W02-1011	1.0 1.0 0.0 0.0 0.0 1.0 0.0	1
P09-1028	W02-1011	4.0 6.0 0.0 1.0 0.0 1.0 0.0	0
P09-1029	W02-1011	7.0 9.0 0.0 1.0 1.0 0.0 0.0	0
P09-1078	W02-1011	2.0 4.0 0.0 0.0 0.0 1.0 0.0	1
P09-1079	W02-1011	1.0 2.0 0.0 0.0 0.0 1.0 0.0	1
P09-1095	W02-1011	1.0 1.0 0.0 0.0 0.0 0.0 0.0	1
P09-2043	W02-1011	1.0 1.0 0.0 0.0 0.0 1.0 0.0	1
P09-2080	W02-1011	1.0 2.0 0.0 0.0 1.0 0.0 0.0	1
P04-1077	W04-1013	2.0 5.0 0.0 0.0 0.0 0.0 1.0	1
H05-1019	W04-1013	8.0 10.0 1.0 0.0 2.0 4.0 0.0	0
I05-2027	W04-1013	1.0 4.0 0.0 0.0 0.0 0.0 0.0	0
W05-0901	W04-1013	1.0 5.0 0.0 0.0 0.0 1.0 0.0	0
W05-0907	W04-1013	3.0 5.0 1.0 0.0 0.0 0.0 0.0	0
N06-2006	W04-1013	1.0 2.0 1.0 0.0 0.0 0.0 0.0	1
P06-1139	W04-1013	1.0 5.0 0.0 0.0 0.0 0.0 0.0	1
P06-2078	W04-1013	8.0 10.0 3.0 0.0 1.0 1.0 1.0	0
P06-2109	W04-1013	2.0 3.0 1.0 0.0 0.0 0.0 1.0	1
W06-0707	W04-1013	1.0 2.0 0.0 0.0 0.0 0.0 0.0	1
W06-1401	W04-1013	1.0 2.0 0.0 0.0 0.0 1.0 0.0	1
W06-1643	W04-1013	2.0 5.0 1.0 0.0 0.0 2.0 0.0	0
N07-1005	W04-1013	3.0 4.0 1.0 0.0 0.0 3.0 0.0	1
P07-2049	W04-1013	1.0 4.0 0.0 0.0 0.0 0.0 0.0	1
W07-1411	W04-1013	1.0 3.0 0.0 0.0 0.0 0.0 0.0	1
C08-1019	W04-1013	2.0 7.0 1.0 0.0 0.0 2.0 0.0	0
C08-1023	W04-1013	1.0 4.0 1.0 0.0 0.0 0.0 0.0	1
C08-2006	W04-1013	1.0 2.0 1.0 0.0 0.0 0.0 0.0	1
D08-1032	W04-1013	6.0 8.0 2.0 1.0 0.0 0.0 0.0	0
I08-1035	W04-1013	2.0 2.0 0.0 1.0 0.0 0.0 0.0	0
I08-1063	W04-1013	1.0 1.0 0.0 0.0 0.0 0.0 0.0	1
P08-1094	W04-1013	2.0 5.0 0.0 0.0 0.0 2.0 0.0	1
P08-2003	W04-1013	1.0 2.0 1.0 1.0 0.0 0.0 0.0	1
P08-2005	W04-1013	2.0 4.0 1.0 0.0 0.0 0.0 0.0	1
P08-2051	W04-1013	4.0 5.0 2.0 0.0 1.0 1.0 0.0	0
P08-2052	W04-1013	1.0 2.0 0.0 0.0 0.0 0.0 0.0	1
W08-0127	W04-1013	1.0 2.0 0.0 0.0 0.0 1.0 0.0	1
W08-1106	W04-1013	1.0 5.0 1.0 0.0 1.0 0.0 0.0	1
W08-1113	W04-1013	1.0 1.0 0.0 0.0 0.0 1.0 0.0	1
W08-1406	W04-1013	1.0 1.0 0.0 0.0 0.0 0.0 0.0	1
W08-1407	W04-1013	2.0 2.0 1.0 0.0 0.0 1.0 0.0	1
W08-1808	W04-1013	1.0 1.0 1.0 0.0 0.0 1.0 0.0	1
W08-2008	W04-1013	1.0 1.0 0.0 0.0 0.0 0.0 1.0	1
D09-1132	W04-1013	2.0 2.0 1.0 0.0 0.0 0.0 0.0	1
E09-1048	W04-1013	1.0 3.0 1.0 0.0 0.0 0.0 0.0	0
E09-1089	W04-1013	3.0 4.0 1.0 0.0 0.0 1.0 0.0	1
N09-1041	W04-1013	3.0 5.0 0.0 0.0 1.0 0.0 0.0	1
N09-1066	W04-1013	3.0 5.0 0.0 0.0 0.0 2.0 0.0	1
P09-1022	W04-1013	2.0 4.0 2.0 0.0 0.0 1.0 0.0	1
P09-1024	W04-1013	1.0 2.0 0.0 0.0 0.0 0.0 0.0	1
P09-1062	W04-1013	1.0 3.0 0.0 0.0 0.0 0.0 0.0	1
P09-1099	W04-1013	1.0 1.0 0.0 0.0 0.0 1.0 0.0	1
P09-2025	W04-1013	1.0 1.0 0.0 1.0 0.0 0.0 0.0	0
P09-2027	W04-1013	1.0 1.0 1.0 0.0 0.0 0.0 0.0	1
P09-2066	W04-1013	1.0 1.0 0.0 0.0 0.0 0.0 0.0	1
P09-2083	W04-1013	2.0 4.0 1.0 0.0 0.0 0.0 0.0	1
W09-1607	W04-1013	1.0 7.0 1.0 0.0 0.0 0.0 0.0	1
W09-1802	W04-1013	1.0 5.0 0.0 0.0 0.0 0.0 0.0	1
W09-2804	W04-1013	1.0 1.0 0.0 0.0 0.0 1.0 0.0	1
W09-2806	W04-1013	4.0 5.0 1.0 0.0 0.0 2.0 1.0	0
E06-1031	W05-0909	1.0 2.0 0.0 0.0 0.0 0.0 0.0	1
E06-1032	W05-0909	2.0 2.0 0.0 0.0 0.0 1.0 0.0	1
N06-1058	W05-0909	1.0 1.0 0.0 0.0 0.0 1.0 1.0	1
P06-1002	W05-0909	1.0 1.0 0.0 0.0 1.0 1.0 0.0	1
P06-2037	W05-0909	1.0 1.0 0.0 0.0 0.0 1.0 0.0	1
P06-2070	W05-0909	1.0 1.0 0.0 0.0 0.0 1.0 0.0	0
W06-3101	W05-0909	1.0 1.0 0.0 0.0 1.0 0.0 0.0	1
W06-3112	W05-0909	1.0 1.0 0.0 0.0 0.0 1.0 0.0	1
W06-3126	W05-0909	1.0 1.0 0.0 0.0 0.0 1.0 0.0	1
D07-1007	W05-0909	1.0 1.0 0.0 0.0 0.0 1.0 0.0	1
D07-1055	W05-0909	1.0 1.0 0.0 0.0 0.0 1.0 0.0	1
D07-1105	W05-0909	1.0 2.0 0.0 0.0 0.0 0.0 0.0	1
N07-1005	W05-0909	3.0 3.0 1.0 0.0 0.0 3.0 0.0	1
N07-1006	W05-0909	1.0 1.0 0.0 0.0 0.0 0.0 0.0	1
P07-1038	W05-0909	1.0 1.0 0.0 0.0 0.0 0.0 0.0	1
P07-1040	W05-0909	1.0 1.0 0.0 0.0 0.0 0.0 0.0	0
P07-1111	W05-0909	1.0 1.0 0.0 0.0 0.0 1.0 0.0	1
W07-0411	W05-0909	2.0 2.0 0.0 0.0 0.0 2.0 1.0	0
W07-0704	W05-0909	1.0 1.0 0.0 0.0 0.0 0.0 0.0	1
W07-0707	W05-0909	1.0 2.0 0.0 0.0 0.0 0.0 0.0	1
W07-0714	W05-0909	2.0 2.0 0.0 0.0 1.0 2.0 0.0	0
W07-0716	W05-0909	2.0 2.0 0.0 0.0 0.0 1.0 1.0	1
W07-0718	W05-0909	2.0 2.0 0.0 1.0 0.0 1.0 0.0	1
W07-0719	W05-0909	1.0 1.0 0.0 0.0 1.0 0.0 0.0	1
W07-0734	W05-0909	2.0 2.0 0.0 0.0 0.0 1.0 1.0	0
W07-0737	W05-0909	1.0 1.0 0.0 0.0 0.0 0.0 0.0	1
W07-0738	W05-0909	1.0 1.0 0.0 0.0 0.0 0.0 0.0	0
C08-1141	W05-0909	1.0 1.0 0.0 0.0 0.0 0.0 0.0	0
C08-3006	W05-0909	1.0 1.0 0.0 0.0 1.0 1.0 0.0	1
D08-1064	W05-0909	3.0 3.0 0.0 0.0 0.0 3.0 0.0	1
I08-1042	W05-0909	1.0 1.0 0.0 0.0 0.0 1.0 0.0	1
P08-1007	W05-0909	4.0 4.0 1.0 0.0 0.0 2.0 1.0	0
P08-1010	W05-0909	1.0 1.0 1.0 0.0 0.0 1.0 0.0	1
P08-3005	W05-0909	1.0 1.0 1.0 0.0 0.0 1.0 0.0	1
W08-0301	W05-0909	1.0 1.0 1.0 0.0 0.0 0.0 0.0	0
W08-0302	W05-0909	1.0 1.0 1.0 0.0 0.0 1.0 0.0	1
W08-0305	W05-0909	1.0 1.0 1.0 0.0 0.0 1.0 1.0	1
W08-0307	W05-0909	1.0 1.0 0.0 0.0 0.0 1.0 0.0	1
W08-0312	W05-0909	2.0 2.0 0.0 0.0 0.0 2.0 0.0	1
W08-0322	W05-0909	1.0 1.0 1.0 1.0 0.0 1.0 0.0	1
W08-0331	W05-0909	1.0 1.0 0.0 0.0 0.0 1.0 0.0	1
W08-0334	W05-0909	1.0 1.0 0.0 0.0 0.0 1.0 0.0	1
W08-0913	W05-0909	1.0 1.0 0.0 0.0 0.0 1.0 0.0	1
D09-1023	W05-0909	1.0 1.0 0.0 0.0 0.0 1.0 0.0	1
D09-1117	W05-0909	1.0 1.0 0.0 0.0 0.0 1.0 0.0	1
E09-1063	W05-0909	1.0 1.0 0.0 0.0 0.0 1.0 0.0	1
N09-1058	W05-0909	1.0 1.0 0.0 0.0 0.0 1.0 0.0	1
P09-1022	W05-0909	1.0 1.0 0.0 0.0 1.0 0.0 0.0	1
P09-1034	W05-0909	2.0 2.0 0.0 0.0 0.0 0.0 0.0	0
P09-1035	W05-0909	2.0 2.0 0.0 0.0 1.0 0.0 0.0	0
W09-0403	W05-0909	1.0 1.0 0.0 0.0 0.0 0.0 0.0	1
W09-0404	W05-0909	1.0 1.0 0.0 0.0 0.0 1.0 0.0	1
W09-0405	W05-0909	1.0 1.0 0.0 0.0 0.0 1.0 0.0	1
W09-0408	W05-0909	1.0 1.0 0.0 0.0 0.0 0.0 0.0	1
W09-0418	W05-0909	1.0 1.0 0.0 0.0 0.0 1.0 0.0	1
W09-0420	W05-0909	1.0 1.0 1.0 0.0 0.0 1.0 0.0	1
W09-2310	W05-0909	1.0 1.0 1.0 0.0 0.0 0.0 0.0	1
W09-2404	W05-0909	1.0 1.0 0.0 0.0 0.0 1.0 0.0	1
D07-1070	W06-1615	1.0 2.0 0.0 0.0 0.0 0.0 0.0	1
D07-1096	W06-1615	1.0 1.0 0.0 0.0 0.0 0.0 0.0	1
D07-1129	W06-1615	3.0 3.0 0.0 0.0 0.0 2.0 0.0	0
N07-3002	W06-1615	1.0 1.0 0.0 0.0 0.0 0.0 0.0	1
P07-1034	W06-1615	4.0 4.0 0.0 0.0 1.0 2.0 0.0	0
P07-1056	W06-1615	9.0 11.0 1.0 0.0 1.0 2.0 1.0	0
W07-2202	W06-1615	1.0 1.0 0.0 0.0 0.0 0.0 0.0	1
P08-1029	W06-1615	1.0 1.0 0.0 0.0 0.0 1.0 0.0	1
D09-1058	W06-1615	1.0 1.0 0.0 0.0 0.0 1.0 0.0	1
D09-1158	W06-1615	2.0 2.0 0.0 0.0 0.0 1.0 0.0	0
E09-3005	W06-1615	24.0 27.0 2.0 0.0 0.0 11.0 0.0	0
N09-2046	W06-1615	3.0 3.0 1.0 0.0 0.0 0.0 0.0	0
P09-1001	W06-1615	1.0 1.0 0.0 0.0 1.0 1.0 0.0	1
P09-1056	W06-1615	4.0 6.0 0.0 0.0 0.0 1.0 0.0	0
P09-1114	W06-1615	2.0 2.0 0.0 0.0 0.0 1.0 0.0	1
W09-2205	W06-1615	10.0 10.0 1.0 0.0 1.0 5.0 0.0	0
